5240
19923
42470
55673
67177
81508
91700
111902
126824
142928
159899
182962
207820
224775
253311
267934
277096
288067
301827
309239
321671
334087
353695
369891
380643
400677
421802
453089
481296
494404
522619
543625
562219
591193
603967
642454
676086
693134
715807
730458
743660
766614
774146
799706
817996
835007
844389
856732
876088
896346
907135
927253
941657
957956
972040
983803
1005289
1016204
1029449
1054367
1072973
1110754
1134421
1155547
1176071
1201997
1229719
1255298
1271526
1310841
1341187
1374039
1406905
1424568
1439932
1476512
1515842
1541304
1563918
1590206
1626608
1662376
1672661
1685783
1704405
1717286
1747799
1760936
1777689
1814762
1839417
1865651
1910845
1940228
1964935
1987629
2009561
2036503
2047417
2061071
2074774
2098442
2115781
2141347
2154492
2169348
2197774
2212205
2229582
2237374
2256609
2271651
2304526
2318351
2335643
2359967
2383184
2391036
2409940
2433095
2447386
2460308
2473050
2487511
2507894
2532544
2547306
2561572
2570397
