9678
32888
47588
58349
74204
95492
109599
141317
156677
174841
184212
198017
229256
247336
254918
282893
299405
315698
337618
352778
372540
388092
397780
427816
440918
456568
467116
480931
496860
511230
528235
547483
560889
588670
608229
623072
639966
654189
662233
682559
700311
711394
724373
734065
762306
775693
798303
817517
828252
841940
847533
879154
891817
914813
932549
952900
966533
989560
1010830
1037280
1067347
1081879
1100432
1117661
1140916
1154258
1169893
1192360
1208786
1231396
1259304
1278923
1289836
1307662
1319033
1331965
1346191
1359736
1375119
1387343
1403274
1416659
1435123
1450916
1464581
1482666
1498224
1511204
1531995
1547562
1558888
1573773
1587610
1614785
1632217
1650877
1667221
1706863
1730385
1752468
1773097
1799430
1819876
1831397
1849137
1863229
1877558
1897467
1908018
1916972
1943355
1964173
