5227
20292
46552
61328
77542
172879
188204
200570
215218
234023
244969
276488
291753
305188
327245
353357
368830
398384
448738
471147
478248
484398
498721
528756
537501
569516
591168
611679
637252
649451
681319
708198
722489
736905
771852
790675
829351
858885
874735
890348
938695
961671
973763
980104
998647
1019233
1044033
1069172
1083969
1095540
1109300
1122373
1149679
1170189
1193155
1208771
1225563
1237997
1258925
1271661
1290902
1306887
1324339
1345751
1358198
1386956
1403570
1429030
1437411
1448694
1470181
1489115
1530633
1566261
1577630
1594495
1606755
1619109
1671822
