4798
16404
22509
32565
60466
75760
88982
118564
135957
155196
173813
186450
203461
222899
239106
282963
298206
307476
330735
364134
385801
401448
417518
454838
471058
505263
519336
553452
570786
601988
623093
653255
683016
694235
713552
734164
768258
791511
826494
841988
857807
873731
888222
908217
921851
948976
973322
1004958
1039883
1054440
1082016
1090560
1101494
1119309
1138863
1154730
1173078
1201909
1227041
1251568
1275336
1294779
1308000
1333191
1352147
1360486
1373741
1387136
1409370
1420345
1440409
1465526
1492877
1516403
1529776
1561906
1594083
1627650
1658252
1679032
1698334
1717049
1751483
1769497
1792459
1816317
1834294
1854612
1875115
