4890
22791
35933
45567
91438
133593
178324
202909
216288
245285
266654
277508
293733
328252
344947
361456
377907
402296
423003
469815
501448
518932
544641
575448
597374
618283
641230
659690
685447
706738
733257
754158
784755
821337
840012
905872
934235
1000325
1023839
1041859
1063268
1072327
1078433
1097967
1111351
1124520
1133311
1146072
1172912
1223904
1317121
1366242
1396210
1499719
1512751
1572642
1593225
1610343
1626417
1659398
1684035
1695558
1711711
1732816
1741970
1753873
1769080
1784173
1794964
1816433
1834235
1853459
1880240
1903536
