7041
22337
33126
65222
74346
99637
122490
165354
193288
209331
229241
244252
279459
305181
326337
343491
363232
409836
437550
452171
478873
490918
498470
520500
536435
546798
558073
588537
613806
641643
654700
696719
716182
729429
749813
765238
783437
799234
820410
833134
869991
884535
905032
929687
957895
973088
994526
1012717
1036744
1060901
1079762
1093581
1117263
1133940
1152853
1162187
1184319
1209967
1228762
1243020
1262397
1292255
1319882
1344544
1369499
1383463
1415440
1426222
1439149
1460231
1481917
1500023
1518639
1540015
1555225
1564086
1584329
1602177
1637249
1651604
1663787
1700883
1721545
1732637
1767270
1791309
1806986
1833056
1873936
1904826
1919943
1942672
1962694
1986619
2011586
2021817
2030821
2042746
2055823
2066416
2078538
2117830
2133114
2153388
2160388
2172544
2185917
2207696
2242279
2271614
2296155
2313431
2329715
2353100
2374889
2384049
2421178
2432622
2447023
2468291
2492607
2504597
2512169
2537926
