6646
13767
22234
35889
52514
63820
79762
94989
109216
123313
141346
152840
161967
187786
211235
221511
239491
260517
268671
296198
330159
347129
382312
411656
431062
476499
526403
551422
572041
598090
631655
657159
671945
704019
720449
744587
767797
785847
806090
820666
839733
863403
873507
882321
899134
911327
924742
941179
964007
989729
1004205
1019486
1031047
1040168
1073330
1089679
1099349
1129171
1151869
1170944
1201531
1286226
1313836
1332002
1348553
1361718
1374899
1396807
1419183
1438822
1456842
1482601
1496675
1512421
1567814
1588585
1619358
1629663
1643755
1674258
1700973
1724787
1739370
1785423
1807002
1875597
1892841
1932591
1948436
1977787
2014319
2050455
2065588
2103773
2123554
2137647
2171895
2193523
2214801
2229405
2243829
2283809
2365749
2380107
2395832
2424286
2443843
2460408
2480000
2514679
2535533
2556150
2576215
2612776
2645188
2662187
2676802
2690810
2719643
2734467
2765676
2786386
2802301
2822792
2847904
2889162
2927481
2946227
2970652
2993658
3016224
3027528
3053624
3088724
3106638
3123378
3177822
3202741
3214408
3234030
3277048
3297372
3322883
3382493
3425745
3464724
3484091
3491708
3514500
3533770
3570336
3593476
3602204
3618322
3633490
3651057
3665790
3679502
3705863
3731739
3745522
3767328
3777208
3792182
3843827
3880309
3892808
3920433
3940799
3956691
3981902
4003977
4025515
4057286
4092808
4108940
4127308
4202200
4247887
4258859
4285500
4302704
4320119
4336241
4378386
4428017
4459494
4537253
4565566
4595397
4610589
4645823
4652943
4670175
4695888
4712443
4791801
4827215
4860156
4874414
4901327
4920159
4934950
4962215
4978611
4995770
5010061
5024163
5043835
5059002
5080775
5103051
5131239
5191310
5232331
5260837
5288726
5374264
5415542
5452719
5486490
5545669
5584509
5611659
5632602
5651293
5668246
5676979
5733821
5792487
5835474
5895819
5940147
6028937
6062284
6122771
6152537
6196007
6206453
6222908
6254016
6262828
6272179
6302296
6312340
6333326
6394240
6442754
6479872
6550465
6570404
6603967
6618272
6676793
6712640
6766903
6795733
6827232
6870837
6941418
6987981
7017945
7044565
7060168
7116662
7154451
7202137
7247497
7267519
7289722
7310043
7336821
7373804
7416114
7440727
7499511
7517495
7540072
7554804
7573915
7590608
7611399
7776313
7816550
7848132
7880535
7939735
