6412
9852
16083
21635
27085
32747
45021
54447
62787
69278
73749
81409
91439
99350
129844
137766
145760
157342
177368
197264
210335
231060
238041
254574
292101
302893
308703
352805
367694
378694
388266
396686
412929
444758
454399
468317
474348
485132
495633
501545
508646
522301
530331
538242
574174
585834
594817
604907
611250
618954
633242
648044
660485
672432
678363
687383
693895
701979
709324
715494
728554
737876
754650
769973
781804
790785
803472
810062
822405
830235
843960
865332
876526
883888
894034
907155
917879
931784
945096
952404
965208
971449
983721
998828
1008564
1016446
1024392
1031885
1046072
1054514
1062147
1086023
1095967
1102982
1109012
1117100
1126727
1133992
1139013
1147908
1169622
1182472
1191600
1205743
1213637
1223951
1239327
1250298
1257750
1278779
1295087
1307612
1314073
1323421
1334156
1345640
1357584
1376210
1385665
