6469
18227
39253
68292
89096
101405
116003
135381
156014
166509
187551
197625
208736
219922
229294
245127
259953
281018
306292
327145
353040
375143
390036
402056
412318
423542
435558
448089
455629
468701
480084
494436
513269
525559
540059
549910
561611
578623
588363
598345
614358
625419
643031
652716
667447
683700
690163
702170
717539
731493
743004
749835
759146
778447
791238
806004
812484
824510
837862
854604
871267
883107
895149
909452
916653
929686
936720
961447
984682
994153
1020677
1033538
1043362
1055814
1074029
1087003
1095259
1111197
