6565
16777
21527
32698
44582
55723
66759
86206
102190
110407
135155
147261
170410
182454
198536
217457
240214
252469
280349
311400
323548
340192
354969
367895
387866
403292
411365
419894
433496
443661
453833
459904
474421
492080
509817
521233
548732
569667
582122
599428
641800
655060
672727
686781
722077
735961
751504
766757
776700
801368
809662
821715
836916
846651
857066
871617
890001
900254
910078
925200
958288
983927
1008031
1032799
1057883
1077180
1094454
1107387
1121573
1130223
1140007
1148377
1157938
1170002
1178992
1189528
1202601
1209622
1219634
1229526
1242831
1262866
1283378
1296604
1314417
1322828
1339963
1362414
1389109
1406564
1426078
1446216
1468016
1488300
