6423
12194
17114
27738
52453
67599
80844
107361
125614
145774
164696
176672
195074
216765
230049
271318
284179
293270
314161
349500
371324
383447
396723
428219
444107
472393
484577
517242
532989
564216
588703
611701
638341
648121
666207
686343
709398
730742
763295
777568
790452
803902
817667
841916
856481
882026
905521
937958
968122
984330
1010377
1018086
1027183
1044450
1067868
1086253
1101937
1132065
1153509
1181986
1201724
1221299
1233562
1258135
1273518
1282519
1293592
1308097
1325395
1333697
1349482
1370968
1395823
1412241
1424147
1448750
1479387
1507925
1537380
1561270
1579546
1620202
1655638
1674001
1696301
1716646
1734705
1752501
1773244
