14354
21328
28762
41815
64560
74207
89432
149226
165271
180732
199948
221180
232143
265303
299814
334443
349817
362457
386776
417339
457797
483460
499487
522577
543062
558248
591998
617652
650880
675342
706120
723775
737347
752269
761932
782874
817614
875901
896642
931599
952755
981749
997386
1005928
1028990
1051113
1059825
1087227
1095888
1148102
1170046
1183879
1208983
1221714
1230019
1266596
1283119
1297520
1306190
1321864
1328894
1366842
1382184
1390955
1426422
1446775
1471108
1488911
1505573
1521402
1531662
1549538
1570770
1606466
1616829
1659839
1670079
1712685
1757769
1792404
1811266
1855402
1866883
1884325
1928665
1942440
1964049
1977392
1988432
2001035
2020220
2054467
2072366
2101981
2113132
2125583
2139682
2170059
2182120
2207656
2233453
2256765
2272667
2318216
2338960
2356740
2380007
2398946
2414597
2427630
2456547
2470790
2512096
2531742
2552295
2566137
2586446
2614487
2649110
2690349
2718802
2732494
2748607
2761060
2777503
2800898
2819234
2831066
2843440
2860232
2875872
2882905
2891545
2906513
2926535
2959502
2982493
2995818
3008657
3021017
3051609
3061054
3077879
3095621
3129471
3159657
3186066
3215238
3230171
3247905
3255627
3277987
3333488
3373333
3460772
3486405
3527403
3548688
3557989
3591829
3613679
3635453
3653164
3665079
3696000
3721271
3732632
3772865
3793271
3810450
3833015
3847756
3867689
3888444
3908719
3927443
3951937
3965289
3989777
4029815
4062122
4091377
4103419
4145004
4171008
4208986
4241975
4267277
4291366
4301846
4315203
4342913
4357352
4385316
4402968
4463954
4471994
4482415
4509026
4546131
4561894
