6578
9942
12768
16088
20510
24333
33949
43105
54703
69090
80035
95622
111551
121703
137553
154512
162312
168052
185240
198147
209728
217745
226190
243483
249475
255559
263509
269937
284669
293753
306357
316685
323874
336189
349470
358281
372398
381498
391243
399385
414612
423349
429467
437683
444531
455276
466252
491123
500267
510316
519693
529645
543579
556687
568364
576328
585117
592237
599169
604670
619037
625776
635714
642490
648636
664239
676245
689210
696859
710743
722094
735656
743770
750662
759045
767148
777616
790364
800577
812142
824376
840384
851665
862389
