6144
12006
18597
28624
42905
52017
65791
75954
90938
99388
110512
119475
128410
137485
144895
156528
164843
175769
185190
191610
202012
208806
232443
249551
289535
300047
337848
355495
369484
384152
393054
399319
410214
418439
429280
443350
452534
459896
465198
472768
479492
493728
501759
514233
530517
540670
548302
555333
564134
573896
581185
591031
596655
602056
608832
615503
621593
629716
636236
651229
665615
679092
692142
701554
710295
722283
730678
733688
737550
745725
755516
766231
775422
781230
787861
802206
812686
818580
824460
830880
835291
839031
845305
849895
854320
863520
873342
878934
886439
