6474
14034
25545
60273
77899
105261
148039
189473
226690
254954
280225
289667
295713
304115
309475
335785
359010
376177
400039
414616
441891
485340
522849
575815
596230
608423
626649
638651
646192
667725
674205
682989
698510
708712
720525
735048
750998
762829
801954
812007
821547
843246
871700
885417
897668
915412
933117
958362
969316
993217
1004015
1022703
1040265
1067690
1085355
1107074
1125159
1136203
1156093
1171638
1192545
1211421
1221354
1236959
1247383
1265557
1272661
1299148
1328624
1357063
1370821
1428386
1444579
1478637
1505175
1534537
