6727
48573
72946
111087
132440
153421
206090
235728
252656
271965
292256
383778
483615
507769
531410
565697
588946
620159
661175
723503
751256
767548
794905
888501
947549
1041676
1061152
1077725
1092354
1125315
1141489
1159871
1194048
1220384
1280401
1307000
1347056
1371248
1400091
1419651
1438753
1460386
1499542
1569593
1586142
1601473
1649465
1687314
1708913
1726832
1738434
1764579
1780702
1790949
1814020
1827307
1854384
1886604
1917166
1959055
1994476
2012000
2034626
2055094
2084078
2109543
2139016
2147841
2153788
2186917
2196071
2209979
2229530
2253162
2277559
2314104
2344001
2406827
2462517
2493307
2508034
2536967
2554331
2590151
2617620
2643200
2660976
2678239
2703072
2738353
2784163
2832491
2909314
2933932
2984110
3028385
3040376
3081632
3099438
3114399
3153937
3188622
3273070
3300397
3328457
3349220
3358823
3375605
3397940
3423554
3439477
3454866
3472864
3522648
3551257
3574931
3595196
3610220
3621743
3658281
3668322
3679534
3714763
3737138
3756593
3779279
3793546
3843425
3878690
3906712
3919771
3950607
3960464
3974809
3993715
4039819
4080874
4101991
4109912
4132552
4177902
4224521
4252183
4274773
4299048
4311696
4338146
4355664
4371166
4386491
4415209
4429410
4451006
4498947
4523039
4553162
4563995
4607869
4621392
4637006
4654482
4673229
4714743
4753355
4770424
4789388
4810979
4824047
4836645
4851737
4878523
4941832
4968353
5004851
5021820
5041982
5100513
