6573
13083
29012
47216
60447
78127
88670
98952
112749
136531
152767
174380
192284
208163
214437
219754
229875
251374
269933
288379
321057
328664
366318
381509
394481
405197
429954
468775
494535
513841
536972
555136
583930
612197
626671
647879
662627
708024
759528
774870
805816
822553
841009
883321
913333
927426
954701
969651
987934
1007418
1032612
1060248
1080063
1128694
1172664
1185117
1208383
1245347
1266440
1287342
1298584
1310680
1322672
1341976
1363007
1379335
1396911
1408989
1417649
1454213
1475821
1514006
1535233
1576569
1612544
1640605
1652239
1670254
1679090
1702237
1717853
1734230
1752419
1762376
1774509
1819655
1852048
1876312
1902605
1950910
1965223
1973760
1989363
2007936
2033189
2064326
2091403
2103032
2114007
2127459
2150247
2179183
2191985
2211780
2221269
2240804
2253228
2261585
2270436
2280669
2289181
2298323
2303315
2315860
2322761
2335233
2350857
2364499
2371629
2379091
2383795
2390236
2393946
2416922
2430565
2437946
2460112
2487486
2508289
2532315
2546496
2578641
2592043
2614225
2642967
2656366
2675652
2716137
2746552
2759538
2770482
2798927
2829987
2893505
2916051
2952691
3002874
3019738
3045722
3066943
3115833
3128329
3146943
3164642
3186422
3241168
3277046
3338027
3378539
3389184
3446046
3474146
3493404
3524872
3549116
3571426
3583885
3608768
3629558
3674481
3690651
3715197
3753641
3774264
3782162
3802248
3841508
3859312
3876254
3922068
3940541
3951564
3961697
3967100
3981227
4006239
4018041
4067304
4099022
4135640
4153409
4161307
4171791
4188588
4207653
4238324
4254183
4267310
4280211
4287658
4302045
4316542
4325025
4353505
4364239
4386972
4402886
