7193
18196
49157
79024
109946
136203
150180
172558
181136
200177
217174
238469
280573
305110
316909
363771
382689
395796
429737
450456
470904
496154
556437
589887
671538
684660
702104
734774
757778
769007
786046
817264
831138
842075
860853
893960
912147
935830
952385
971595
983590
1003106
1017011
1029337
1041271
1062028
1078332
1092360
1099860
1123585
1135350
1150179
1162583
1178018
1197234
1214415
1219637
1245644
1256339
1278798
1295845
1338621
1348982
1354172
1367546
1378641
1402779
1417374
1439805
1447616
1464992
1506258
1519439
1543058
1570453
1588730
1601311
1614643
1636941
1643083
1655890
1672941
1680454
1709030
1726796
1736657
1742388
1768176
1803203
1817878
1852369
1861859
1876563
1907673
1931716
1941840
1949674
1958354
1984019
2000102
2012274
2025176
2041988
2053399
2095753
2104935
2119797
2146513
2174507
2187330
