4880
17253
23624
32378
42271
49373
58987
68640
80445
88168
95111
103194
109448
116450
126497
137013
147789
153560
160974
173585
181597
195421
219578
226604
235187
243029
252571
262525
276985
285299
292461
302033
310047
320307
326329
332149
339211
344875
349015
361970
367134
372385
382139
388663
397495
404705
409707
419819
428533
437144
443137
448598
458109
465780
475852
483523
495045
500688
511849
519971
527993
536005
541735
548245
554239
572591
588004
594314
603315
607400
613212
623567
630188
634828
645114
651404
656867
662650
668890
677014
683057
689887
696800
701101
708321
725050
730642
738692
757663
764016
770338
774789
780172
784002
790602
795813
804025
811657
818152
823573
