4615
15432
38596
42307
49101
68135
80672
91234
98926
108700
124072
131813
142327
156669
178888
202801
230558
262947
293598
355621
371484
415274
461013
469645
490720
499630
523157
539222
571301
610292
621736
664215
681833
695439
709693
724557
742461
766094
777336
797342
824998
834999
858343
869293
880639
918974
934819
947233
963820
998529
1040871
1061102
1080076
1094339
1110285
1135674
1158300
1191795
1212827
1224072
1238324
1249898
1263759
1286294
1298038
1313588
1326021
1332643
1339414
1353156
1365388
1383870
1392071
1401113
1422176
1430188
1443901
1477645
1490487
1516469
1530990
1543941
1595329
1605312
1616415
1619425
1649892
1665644
1681886
1685937
1700680
1706692
1710842
1725195
1748467
1765369
1789436
1798896
1816470
1829621
1837962
1851324
1874567
1881769
1893571
1915183
1928495
1940249
1947290
1969684
2008072
