5124
15264
25368
38522
55022
67817
82868
99805
114476
128868
146092
158278
169376
197973
222376
232235
247718
280460
289264
322407
359369
376898
415745
454787
472742
517996
570770
600854
621711
653005
692356
721456
738101
778434
801643
828894
854327
872673
901961
918567
944333
970964
982359
992365
1010771
1023607
1037652
1057271
1084118
1113269
1129381
1146666
1158151
1168627
1209792
1227170
1237606
1265210
1293625
1319984
1350124
1432401
1469301
1496210
1515465
1529722
1542668
1570070
1596945
1621888
1641216
1675959
1690663
1707685
1756787
1783929
1821537
1832610
1848601
1888345
1917715
1940216
1954781
2010270
2037541
2128158
2148600
2192289
2206144
2240689
2282398
2328065
2351629
2391432
2416999
2432404
2466306
2491008
2514640
2532048
2546195
2578000
2681464
2699004
2718632
2750040
2772182
2790116
2811264
2856639
2880469
2901875
2926527
2962038
2997209
3014143
3030188
3045586
3076498
3092145
3126970
3150541
3167988
3192732
3220625
3258991
3300135
3317840
3344894
3370076
3391046
3403008
3432805
3470994
3488468
3505527
3565935
3592399
3605986
3632193
3668297
3685324
3712609
3776718
3818075
3857876
3878755
3887691
3911410
3931481
3976583
4004626
4014482
4030712
4048867
4068020
4086470
4101684
4127795
4163129
4177704
4200957
4213124
4227139
4294184
4338937
4352493
4380491
4409407
4424992
4452671
4474328
4495348
4524639
4568034
4586113
4604329
4685400
4730931
4742037
4761341
4779692
4797291
4814070
4854974
4911225
4933575
5014256
5045692
5080726
5096558
5131463
5139282
5157770
5183225
5199779
5283914
5320922
5355580
5370355
5400827
5424293
5436927
5468025
5489674
5504446
5518521
5534214
5563060
5579019
5598964
5622786
5645996
5713804
5762239
5799185
5829140
5908064
5931690
5966110
5998708
6057038
6091727
6116848
6134986
6157560
6177013
6185114
6246254
6309151
6347955
6420455
6477270
6555238
6589925
6657567
6687073
6736212
6747086
6765547
6799364
6809266
6818637
6850384
6861795
6882291
6948398
6997041
7037548
7130311
7156148
7192662
7205723
7267008
7301429
7360507
7391235
7427255
7483769
7561063
7615451
7648178
7685934
7703098
7764497
7807068
7865632
7916433
7938475
7959302
7980205
8008171
8042928
8087394
8112660
8167826
8181188
8205110
8227385
8246313
8263960
8281564
8475710
8518419
8552087
8589047
8649354
