3868
6099
13793
18709
27097
31356
40253
49118
58966
63151
88588
96458
107652
113163
130082
141391
151575
156528
173387
177603
184054
192396
205713
210956
217083
221424
225999
230829
233599
238870
241591
246591
251032
254994
258614
264257
270309
277363
286287
317044
361155
364932
373937
382422
390962
403970
414393
440781
452872
457947
467793
473082
483711
519954
530185
540589
548605
556692
578873
587696
594821
611321
620846
644454
656518
673009
687397
693630
700325
716623
728839
769268
793124
813381
831419
847678
864064
885710
894892
899944
919250
935812
946635
954751
965310
975905
1003576
1027161
1040898
1052050
1071055
1080919
1087677
1092868
1114364
1118905
1134923
1169558
1183982
1198154
1206476
1215225
1224737
1231800
1243276
1252041
1256873
1264204
1279400
1290762
1299985
1308802
1320696
1340804
1359014
1371252
1384828
1401001
1407832
1414083
1434259
1453043
1460013
1481831
1496417
1506993
1517734
1532088
1550624
1561748
1584413
1605729
1620953
1635965
1664454
1679138
