4118
12258
17250
24806
37760
48774
59130
69039
77740
83801
92541
98313
106627
115380
124073
135507
144914
152115
161246
169387
180777
192113
205261
210723
221632
227722
236104
244625
255276
264302
269843
278638
285311
293502
302696
312652
323144
328794
334946
341888
349831
363946
371007
380889
391963
400070
404013
410621
414094
440914
449005
462303
475657
482672
491728
497888
502649
511389
517210
524671
529031
541904
549564
566778
571859
579273
584894
594478
600750
605852
611993
619466
624830
629872
639156
646217
652787
660690
665964
671656
676758
682080
692916
700467
706689
713310
723966
728777
734848
740838
746520
751261
757132
765369
770949
775169
779930
787062
792833
801505
806006
809457
816938
825408
831791
836801
842932
847064
850195
861337
865329
872599
878790
885372
891544
895627
904271
909592
919026
926149
932101
941105
946756
951217
957868
962539
966741
978137
985528
992012
997875
1001835
1010107
1015660
1019871
1027113
1037985
1044937
1048767
1062242
1068485
1072930
1079534
1083935
1087708
1097953
1104414
1108945
1115115
1121625
1125417
1131218
1137108
1146582
1159290
1168513
1178107
1182969
1195181
1201252
1206224
1212174
1216515
1220415
1230770
1236261
1247566
1255732
1261602
1267195
1272905
1277588
1282531
1291882
1300345
1306279
1311060
1316711
1320793
1324383
1334117
1339498
1343620
1353303
1359137
1368569
1379883
1390950
1396840
1409347
1418060
1423633
1429385
1432846
1438257
1442928
1448268
1460793
1465984
1472477
1477769
1484034
1490085
1494618
1498529
1503639
1510890
1517745
1526846
1531519
1535980
1541990
1546932
1555462
1561343
1567986
1576677
1581430
1586091
1590331
1596402
1602944
1608184
1613994
1621046
1627896
1634027
1656059
