3768
11621
23084
37388
49162
61725
73026
91206
115173
123847
167619
176783
197534
213141
235025
245342
260445
292762
306471
318788
338534
351537
371757
396735
420655
456181
471084
501913
522905
550840
557214
581414
602250
631907
646478
656434
669398
677491
694919
711548
746151
768478
780552
792389
804684
827632
861669
888483
903670
920632
940315
958836
979978
1001042
1011572
1028253
1040194
1049705
1079457
1085507
1101170
1118672
1134234
1162396
1180609
1198300
1209451
1227614
1245285
1257836
