7527
15009
23039
35362
57570
67402
82563
144818
159939
175932
195774
212055
223007
255081
288498
323753
349969
361805
382742
411120
443778
469294
482896
509288
528653
542008
574267
596581
628598
648463
680222
697017
710621
723725
732777
751450
787012
829309
845443
878815
896289
918932
942396
951797
975621
1004834
1013341
1038460
1047063
1104754
1126243
1138651
1164522
1178682
1186355
1225561
1241870
1256263
1264306
1280341
1287602
1330377
1346263
1355327
1393990
1425680
1457568
1474381
1490134
1513318
1524629
1538513
1562449
1601527
1611674
1658171
1668512
1704928
1737321
1779258
1800085
1850826
1860789
1877913
1927405
1941125
1971107
1986880
1997130
2009272
2028734
2056500
2075444
2111476
2123279
2136753
2149452
2180181
2194003
2218699
2243047
2265360
2283431
2330158
2351230
2370765
2396892
2407764
2419845
2429707
2465392
2482116
2539352
2559996
2581231
2593963
2616330
2649048
2695952
2742961
2769874
2782775
2800207
2813800
2838813
2866837
2885481
2899282
2910965
2930160
2946945
2954785
2961715
2976229
2995535
3023599
3045823
3059921
3069463
3080136
3108858
3117128
3140665
3157008
3190404
3217067
3245082
3269339
3282352
3307927
3314667
3336234
3387668
3421391
3505585
3528238
3570283
3590866
3598384
3630266
3652340
3673453
3689715
3700815
3732819
3759064
3769356
3805300
3823463
3839626
3869028
3881578
3899152
3921155
3940520
3959814
3983827
4000949
4023695
4066234
4098750
4125604
4135960
4172687
4192336
4221505
4256723
4283089
4312102
4322583
4337520
4368090
4383178
4412547
4427713
4489422
4497872
4508334
4535269
4578932
4596023
