4094
10017
13088
16358
20760
27742
36463
42385
51120
56791
64245
76553
80404
84916
90557
98722
108382
113534
118007
127349
132961
140658
148230
154674
160825
164557
168777
176448
185225
189799
201062
209769
215862
222845
228097
239756
249171
255867
263128
269224
273671
279517
284019
288116
292504
298662
303672
310780
316342
322024
329895
338059
343424
352649
357953
364564
370178
376750
380671
387152
392623
397923
404744
411248
419249
425223
433328
441293
447224
456565
462778
468538
474580
480920
485462
492216
498148
503776
508580
513951
518827
523871
528781
534842
541726
547796
553848
559055
564317
568071
572403
580336
584817
589949
595673
600324
605065
611867
619234
625966
630267
634780
663607
670773
677105
686571
693628
698012
702714
708117
711907
716819
723590
737797
743463
749637
755072
760325
765559
770673
775716
781128
786441
791891
798242
804937
813252
819037
824021
828936
834547
839632
845024
850572
856779
861851
867234
874888
880653
886238
891253
896195
901217
909662
916784
923680
931218
937543
943486
950594
959814
971157
976937
981400
986028
989831
994605
1002024
1014896
1020249
1025281
1030361
1037281
1041969
1049671
1057555
1062726
1067337
1074321
1079813
1085294
1092808
1098382
1104703
1109465
1114669
1119758
1128351
1132702
1137302
1144564
1148796
1153536
