7572
23050
40860
50922
61798
77385
117234
138427
154628
165519
178972
188813
215337
223890
248883
257899
268612
286840
295562
342460
362253
377160
403594
417758
431269
471830
487023
511237
527110
537730
561521
598922
616610
635081
661185
691498
705588
725431
754514
775567
791308
804138
822957
842029
870546
881309
906259
919555
937536
948669
980303
1002795
1033111
1057786
1098917
1108587
1133532
1157896
1174205
1214126
1250392
1272442
1287309
1313783
1326754
1361128
1372470
1380682
1408522
1423256
1486343
1534507
1547463
1578721
1595340
1608323
1628884
1652547
1677257
1693269
1735311
1763958
1780102
1802688
1833564
1844045
1856766
1874890
1892785
1917406
1937979
1991317
2020020
2092804
2138263
2159577
2175104
2192322
2213077
2281616
2304500
2323603
2344016
2354316
2375430
2388052
2402483
2421906
2454850
2484165
2502944
2536560
2568866
2589593
2619806
2634770
2653726
2665519
2677832
2711685
2726749
2755481
2791608
2809462
2842948
2873844
2885778
2896050
2941467
2951270
2999099
3009931
3022612
3049251
3059713
3079639
3122127
3147162
3185338
3215104
3242598
3287228
3308579
3340133
3386747
3434323
3471127
3485179
3528402
3539555
3575790
3622102
3659843
3683759
3707594
3720098
3745478
3789481
3831532
3853268
3874940
3896423
3907316
3915949
3948522
3977883
