7924
18900
48458
83427
119456
149918
166446
185061
193823
215130
234486
257893
295124
318681
332122
374100
395418
411275
447497
470580
491571
519363
572882
608755
689421
705243
727843
764733
793885
808248
826332
860728
876250
886930
908552
941938
963360
983132
1002385
1025620
1039742
1062907
1078328
1092463
1106451
1130045
1150008
1167809
1176940
1204836
1219392
1237164
1251940
1269962
1295624
1314956
1321048
1341066
1355777
1380403
1401660
1444326
1456298
1463150
1481054
1496153
1526261
1544620
1575400
1585415
1601878
1645698
1665394
1691609
1720111
1740210
1755574
1774307
1796795
1804896
1819521
1840364
1849995
1879312
1897477
1911451
1918932
1943038
1981441
1998485
2034787
2045921
2065509
2098260
2127364
2140635
2150846
2161818
2195480
2215389
2231310
2248204
2268981
2284041
2314584
2325959
2343972
2377001
2408416
2421778
