7705
21464
43561
55384
66755
79677
88610
107223
120833
135777
153289
175810
198286
214364
241924
256007
264668
274489
287123
294308
306660
319286
338994
355340
367542
389300
413235
443997
473508
486560
515835
540051
558255
586252
598635
631651
660680
676456
696178
708979
720403
741458
748908
772642
788946
804206
812720
823085
840736
858670
868598
886016
900189
914560
927700
937451
956512
966156
977557
999820
1016391
1050747
1073850
1093445
1110077
1132210
1155275
1176228
1190800
1225364
1252551
1281813
1312678
1330791
1344627
1377956
1411913
1434406
1455529
1478232
1520387
1557159
1566430
1578961
1595693
1608224
1638389
1651863
1667627
1703265
1727749
1751691
1793306
1822991
1847994
1868877
1888961
1915703
1925744
1937936
1950668
1973013
1988295
2012349
2028164
2044338
2074052
2089384
2107167
2115768
2141080
2157442
2197577
2211562
2228343
2254996
2280566
2288717
2308761
2342605
2356267
2368499
2381569
2396483
2416565
2443697
2460708
2476993
2488664
