8164
21290
49072
53762
62645
87443
103549
118726
129102
144086
165690
176410
190544
210393
239245
269781
309857
356983
397866
471268
491412
543990
600190
623122
645991
657884
688880
709384
754172
805849
820952
886914
911846
930351
947733
964599
985269
1009152
1020546
1054966
1088995
1099277
1127034
1140732
1152652
1187705
1205276
1218610
1239984
1287019
1325660
1342964
1362112
1377999
1397483
1423694
1453598
1495622
1522341
1537029
1552780
1568551
1587477
1613758
1627723
1647243
1662040
1671198
1679180
1693239
1708995
1732507
1743331
1755681
1782709
1793675
1812317
1853411
1871166
1897667
1915751
1931419
1988537
2002402
2016910
2020474
2054241
2073138
2093405
2098762
2116943
2126407
2132064
2148813
2172809
2192125
2220862
2231581
2255535
2272166
2282493
2300172
2326169
2335482
2351974
2375185
2391866
2408292
2417274
2440914
2479407
