8452
20165
36183
63130
77343
97518
112493
133671
147265
163842
178186
196103
207855
223845
234382
247654
260047
278016
297469
318743
328618
339445
359748
368940
402426
422398
438397
448940
471439
493616
523539
542962
558751
572971
584737
601239
619711
631377
640976
657450
670870
685632
701369
720494
745431
760814
776146
801072
813935
824262
837029
848628
861120
869960
882347
890494
904443
915178
925110
937622
946642
956410
966596
979090
990658
1002726
1015442
1026927
1038028
1047483
1055960
1067034
1079833
1105036
1127620
1137803
1150807
1169004
1185519
1209242
1224815
1243929
1260885
1273853
1295208
1306049
1316443
1340934
1353350
1366486
1391919
1406931
1420401
1430807
1446040
1456169
1469587
1499335
1513608
1529305
1537369
1550900
1562816
1581341
1606145
1619727
1628414
1635590
1651896
1670555
1680301
1688906
1702584
