3685
7846
14667
20248
25939
32021
44273
55134
63556
71278
78530
88010
98323
107995
144531
153412
161563
175996
199572
226204
240969
262349
268523
287395
327266
338748
345922
388987
405343
418806
429738
438589
456300
495526
506548
522101
528611
539904
552276
559797
568579
585301
595324
604891
636820
650203
660304
670923
678185
687820
705663
719267
732372
745576
752237
772320
780830
790606
799128
806142
819088
828940
846825
860919
871313
882336
895459
902362
918816
926618
943083
967076
980984
990174
1001566
1014091
1025709
1039722
1055407
1062931
1077483
1084203
1097107
1112808
1124755
1134153
1143254
1150968
1169062
1178107
1187137
1218342
1227314
1235288
1241913
1251225
1262357
1270191
1276514
1286597
1311476
1324669
1334285
1349147
1358099
1369520
1383505
1392780
1399222
1417991
1431829
1443796
1449998
1461799
1474482
1487445
1500970
1521657
1529678
