4189
17036
47623
86411
109009
122878
140059
159731
183800
196848
217714
230670
245786
259016
270621
290369
306934
327507
365029
389190
422227
449965
466684
481076
493653
507827
522257
535744
545210
562676
575354
593335
617294
629040
646970
659852
675083
697100
709603
723221
742275
754969
776488
788746
806756
825343
833872
848880
869077
885409
899500
909524
920997
946008
964834
983880
992528
1010111
1027987
1053056
1073561
1090550
1106716
1125338
1135013
1153460
1163469
1178035
1207249
1218824
1246136
1259881
1273264
1289468
1311981
1328715
1339699
1357337
