4205
12127
18280
27893
44792
60185
73790
87102
99855
107457
117730
125611
134934
146377
157024
170217
181737
190386
202778
213932
224339
240072
253664
261550
276465
284321
294429
305006
319826
331962
339569
348892
358078
368795
378987
393114
413380
419665
428805
438482
448627
467236
477012
487375
502619
513143
519305
527448
532721
571300
583385
599757
612831
621741
631205
638742
645925
655076
662278
673200
679239
694011
703411
721954
729138
738091
744771
757713
765240
772042
780616
790534
798212
805924
816955
826061
834998
844007
850888
857791
863993
871737
882913
891834
900506
909187
921860
928401
936104
943665
951107
957413
973393
985336
992080
998033
1009513
1018781
1027011
1033625
1039686
1045017
1055280
1067742
1074884
1081089
1089534
1095574
1100851
1114174
1119531
1125983
1133105
1142031
1147471
1153533
1164420
1171356
1183241
1192203
1199025
1211497
1218438
1224042
1231794
1237375
1242808
1255832
1264917
1272731
1281133
1286205
1294555
1301702
1307673
1315865
1328669
1335526
1340582
1358969
1366302
1371795
1380547
1386309
1391994
1405158
1412554
1418386
1425837
1434491
1439588
1445930
1454143
1462438
1478906
1491521
1503927
1510949
1527804
1535305
1541786
1550559
1556253
1561775
1574992
1581906
1597440
1608825
1616656
1624659
1636825
1642774
1649039
1660671
1673118
1680833
1687964
1695469
1701622
1707015
1720758
1728473
1734898
1748179
1757021
1765408
1778597
1792379
1799221
1814653
1826797
1834572
1842254
1851145
1864445
1870326
1877480
1891257
1905065
1914002
1922276
1932092
1941543
1948144
1954086
1961893
1971473
1980207
1990313
1997875
2004578
2012407
2019427
2030162
2037394
2045225
2057960
2064615
2070310
2075914
2082393
2091825
2099121
2106839
2114881
2124464
2133176
2161354
