4382
11844
19307
39880
66174
77184
92821
153251
168828
184180
204920
224524
237735
275544
309198
343805
359163
371632
392963
424095
461243
484884
500757
529231
550000
565159
603219
629010
663260
686164
721928
740066
754301
768305
779501
801246
839035
888479
909848
945550
967956
993322
1011512
1020913
1047259
1077944
1087220
1117645
1128139
1187392
1214082
1226508
1252581
1265724
1274661
1316867
1336966
1352945
1361447
1380580
1390265
1444130
1463231
1472826
1514013
1537642
1565302
1586467
1606306
1624299
1636812
1651696
1676936
1724714
1737938
1785593
1798474
1832687
1865433
1909752
1932954
1989637
2000069
2016614
2062885
2077031
2107781
2124255
2135449
2148699
2169790
2199870
2221124
2252339
2265293
2279647
2295013
2329908
2343925
2370338
2390483
2415206
2433631
2486732
2509979
2531960
2557538
2571012
2584860
2596038
2630436
2648313
2699795
2724281
2747838
2762481
2788713
2819271
2863654
2905349
2938302
2954425
2975096
2992205
3013364
3039213
3061642
3076954
3091509
3116066
3135339
3144009
3152475
3173057
3197403
3230520
3257975
3275383
3286652
3300926
3339454
3350378
3369496
3388928
3427478
3463769
3494125
3520080
3537260
3558237
3568510
3598017
3662790
3702224
3804975
3832631
3883132
3902597
3912202
3952489
3979270
4004762
4023685
4036190
4074229
4103638
4115896
4160721
4183369
4203433
4227518
4246921
4267617
4295844
4318537
4339123
4368296
4384708
4409741
4454453
4493808
4525079
4538274
4579188
4597095
4630737
4665477
4706530
4743055
4756389
4773488
4819425
4837497
4869747
4889445
4973524
4982996
4996349
5025427
5071219
5086383
