3072
6012
8925
12815
17167
21808
31068
38241
49923
63076
73397
88871
104368
113851
128872
144258
151936
157428
175888
190772
203590
212506
220902
240495
247470
254385
269290
276938
295478
305688
320145
333655
341854
354777
368774
379512
396162
407159
417689
427314
444538
454904
462300
472296
480280
492867
506514
534637
543725
556693
566670
578099
594205
607610
621529
631817
642625
651457
658322
664699
680052
688685
700443
708545
715323
731542
746736
761177
770764
785783
795919
811493
821378
830835
840331
850428
861936
875500
886742
897913
910622
927750
938609
948641
