4533
52873
80295
115684
142005
170664
230359
264945
285551
308043
324767
418024
521360
545873
563497
597166
620262
649499
680794
735088
763602
780908
806413
920290
985613
1074438
1092595
1109691
1121290
1156970
1174471
1193098
1231925
1261534
1324648
1352991
1396016
1420536
1448543
1468920
1486716
1503896
1521905
1599946
1617448
1633551
1693873
1730064
1754873
1774790
1789211
1822012
1837906
1849728
1876085
1891957
1923371
1956212
1993696
2034627
2077158
2095166
2118735
2139235
2169763
2193803
2227731
2237442
2245293
2282915
2292536
2307385
2329495
2352934
2379469
2423260
2453923
2519056
2572039
2600437
2616882
2651139
2669742
2709249
2740933
2772798
2794450
2815956
2843896
2885211
2936654
2984373
3068904
3092833
3149768
3196366
3210263
3254911
3273747
3288398
3325038
3353833
3444757
3476361
3504636
3527528
3537825
3556783
3579578
3611435
3627335
3643646
3663183
3708039
3741184
3767499
3789332
3802711
3814682
3856493
3867277
3877873
3906603
3930436
3952072
3975867
3990820
4053844
4093162
4124886
4139252
4175894
4188990
4205987
4225752
4276259
4317982
4343421
4353577
4380497
4423983
4475949
4505458
4527956
4555154
4568726
4595119
4611934
4629560
4646820
4686021
4702093
4727822
4782222
4812990
4846380
4856186
4901311
4912734
4932030
4950562
4972106
5014556
5057022
5076857
5100000
5123416
5138083
5152836
5168760
5201580
5273584
5303744
5345575
5365050
5396780
5464042
