7892
36268
114402
199735
245380
312591
424473
451913
491518
506312
518873
551994
634170
685310
728538
762577
785103
836617
888575
927170
959459
977742
1003228
1033473
1056960
1074404
1095644
1127585
1148431
1169310
1181647
1213216
1269545
1320806
1337021
1354687
1382507
1400144
1421271
1439634
1467522
1555527
1595818
1619521
1681659
1733489
1771529
1790994
1864049
1909951
1924353
1959245
1993198
2016726
2077301
2095540
2110246
2143143
2161455
2190999
2229211
2251085
2270212
2290899
2365395
2386107
2423804
2455749
2500897
2536196
2569173
2598991
2644747
2678933
2693316
2727168
2747447
2787712
2810357
2825970
2851836
2875644
2921759
2950613
2971221
2996059
3008437
3032745
3052714
3126037
3151711
3183843
3204809
3240040
3277312
3363635
3393773
3432317
3446201
3461120
3482472
3516281
3530279
3560801
3594320
3623115
3702960
3762131
3794464
3816953
3906975
3927231
3958877
3980814
4021137
4048585
4105385
4146464
4165353
4201371
4217012
