3786
6899
10725
14816
18516
23557
28920
36226
40990
48656
53546
61784
66928
74880
83935
94991
102865
109189
117273
122667
128615
136419
142221
149861
158735
166526
170881
178314
186071
197238
205492
211140
218518
243008
251263
264532
272518
283231
291045
304594
312858
324327
332282
340866
348002
356336
363812
372185
376035
384179
389432
397365
404923
412908
427771
436133
451427
459012
465660
473134
480179
488424
493606
500431
505703
512545
517261
524047
531185
537999
543043
550007
555791
562695
573406
580606
588415
595736
601459
