7948
36909
60714
72610
90582
105604
121606
153182
162505
180573
204526
240881
270858
291776
302379
317566
350756
380849
389680
423284
440271
451852
466705
482848
511699
532662
568546
586181
602671
627971
649195
670840
693775
711820
742285
761955
795146
820451
839585
861178
876626
928997
983394
1011963
1037843
1054987
1074664
1100101
1145462
1169601
1187799
1200750
1225849
1248957
1276705
1290709
1306277
1321297
1345642
1358731
1409213
1424426
1442048
1468639
1480628
1520469
1560134
1585050
1598393
1616517
1647273
1664465
1729791
1750016
1777125
1808888
