3362
17094
35234
80523
112763
149699
174089
206963
232649
253618
269637
290274
316682
349427
375477
393996
426601
454915
485899
520928
549019
567296
580098
613838
675879
708992
738417
755866
797085
840551
868775
895749
911288
925561
960114
983366
1032809
1072274
1103781
1125091
1175867
1197902
1229712
1244795
1266065
1283235
1301240
1324346
1340667
1361124
1381580
1397569
1425755
1441650
1473977
1496798
1512273
1524758
1541729
1563705
1594684
1626659
1642855
1663546
1685199
1706895
1732979
1762271
1786430
1837613
1873884
1910225
1941287
1960487
2013410
2030184
2042947
2059480
2072802
2094423
2124947
2155810
2169065
2200721
2222477
2243978
2263982
2276593
2299906
2317130
2339059
2368451
2390218
2413424
2450649
2477716
2493702
2513593
2537000
2571881
2607590
2638186
2658827
2681705
2698242
2720350
2736792
2769240
2796697
2823300
2840977
2891774
2919262
2945589
2974106
2994250
3014657
3051611
3099363
3109461
3172354
3201278
3231433
3252108
3277624
3292791
3309908
3335320
3352311
3367793
