5366
22463
45592
55994
65553
75490
83570
98443
108943
123762
144537
163703
186895
199668
225239
235314
243362
250836
261022
268721
279790
290963
306185
320654
332742
351462
376056
401486
427873
439627
463473
484172
503136
531697
542173
580310
607039
619741
639711
656193
667102
685497
692005
710165
730518
743427
750534
759667
778654
795030
803805
821174
833202
846739
858447
868830
884042
892316
903605
924003
938832
970506
992186
1016641
1033377
1052103
1071447
1088280
1101071
1128666
1153317
1181243
1207129
1222225
1235571
1269878
1298478
1318172
1336633
1357782
1389010
1415312
1423690
1433848
1448005
1458416
1486010
1495663
1515143
1548400
1570245
1589383
1626619
1651055
1673603
1688579
1708369
1729877
1739327
1750376
1761325
1782501
1795188
1814619
1827868
1843107
1872231
1886540
1903688
1912055
1932660
1947711
1976993
1994582
2008838
2030518
2057685
2065354
2081805
2107345
2121316
2132145
2143377
2157338
2181125
2203530
2216716
2231074
2240925
