4663
27287
42027
50743
71030
90321
101518
128763
140238
156706
164790
176029
206495
221276
226949
246145
263944
277008
299172
310252
330499
342505
350751
385058
395316
407898
417299
430100
444237
456268
470107
485614
496263
517190
532600
545117
558703
568519
575051
593602
607087
616537
626735
634365
654568
665907
685030
704892
712726
723248
727221
748250
757140
771831
784004
797776
808311
829477
844417
866019
890967
904372
917750
928729
950571
960439
971514
987331
999226
1021281
1043616
1065614
1075444
1089481
1098550
1108113
1120191
1129510
1140866
1152361
1164269
1173579
1188449
1199585
1208190
1221619
1234003
1242331
1258798
1272508
1280727
1291356
1304434
1325621
1340332
1354287
1365759
1392396
1409858
1427554
1444205
1467612
1486206
1494766
1508804
1521505
1532034
1547438
1556360
1562594
1581986
1602010
