5473
18238
23897
31296
45391
60730
68374
81779
94872
106390
119854
132316
141104
149071
157223
165290
174862
193533
204430
213149
223415
242484
249218
270383
281100
291109
316094
326449
338933
347791
356309
367505
375594
383999
394264
413183
426789
438286
450233
461561
471222
482565
496115
513591
527769
542795
561347
573270
597880
614406
623161
634438
642695
650997
664848
674866
685545
689489
728971
739810
761309
775770
787351
795646
810603
823099
830483
840082
852060
863075
870130
880679
889004
911363
920135
947322
962050
971072
977489
985023
990380
998758
1007475
1017766
1024377
1030851
1037818
1047211
1051628
1055230
1065355
1069755
1076635
1087539
1092394
1098188
1107466
1120627
1135355
