5217
6938
13969
18119
25363
29038
37784
44995
54368
57959
78620
84450
94614
98957
111781
130511
139268
143199
153494
156364
161507
168390
180082
184334
189125
192215
196107
199668
201918
205818
207892
211463
215124
218255
220667
225278
230040
235175
242517
266515
299517
302067
309190
315855
323067
333169
340660
360779
370265
374037
381880
385412
395385
414242
423525
432609
439277
446197
462485
469238
475061
489103
496010
511328
520492
534097
545519
550331
555706
567620
576904
608098
629559
644893
656901
667819
682763
700283
709535
714196
735936
749698
759378
766102
775375
784157
808705
832974
847416
857802
876303
884599
890361
894291
911461
915282
928287
956464
969425
982881
997452
1006002
1021817
1028007
1040211
1049152
1053340
1059080
1072149
1091366
1099690
1116249
1126322
1146887
1163526
1173837
1186134
1202761
1208393
1214037
1226662
1242758
1248499
1265762
1278407
1286559
1296448
1308400
1323684
1333191
1353309
1373277
1385710
1397732
1422839
1434906
