8145
18020
29927
50962
62542
81904
93587
110774
120608
137640
150871
163058
172992
185687
194469
203731
213326
231150
243772
256486
265031
274455
289725
303450
325067
345283
355878
363242
375808
391503
413001
429553
441334
453049
463422
488449
511016
521238
529571
556297
572098
588350
602815
617961
641721
656069
674382
694284
706810
717746
730803
742145
753907
762445
773038
781414
793137
802422
811020
820351
829451
839022
849203
859083
870887
882691
892941
903390
913651
923328
930555
940040
950769
977067
996465
1005771
1018215
1033250
1048670
1069049
1080772
1097679
1112253
1124837
1141938
1151100
1160072
1185538
1195695
1207607
1229148
1243105
1254098
1263178
1276553
1285567
1297095
1320025
1332189
1344923
1351892
1363384
1373302
1391189
1410513
1422231
1429493
1437165
1451740
1468001
1475782
1483321
1495661
