8219
26205
61590
82308
112735
124496
149341
160200
173101
185526
196584
234000
258474
280539
296507
317648
338480
351258
361044
387980
400483
449730
478516
497278
508804
521970
554447
577668
598925
616034
633035
764068
791264
848999
872449
948229
962106
989059
1008480
1045473
1080708
1108321
1116574
1166636
1180601
1219080
1237731
1260468
1274031
1283432
1302189
1325238
1339350
1360384
1386330
1435687
1445223
1459686
1520532
1541556
1573490
1662932
1713091
1744811
1773738
