2660
10601
16487
23905
37334
48584
59821
70287
79257
85408
93347
99232
106963
115520
122872
132312
141290
148882
158304
166078
176497
188219
201415
206963
217438
223780
232346
240359
250855
259682
265375
273582
280943
290360
298622
307656
317410
322404
328416
334447
342009
358784
366255
376415
387591
395301
399652
406509
410505
435163
443632
456821
467779
475792
485705
492092
497026
503362
508406
516371
520701
532006
538348
553529
558603
565817
570478
578622
585224
590026
596247
602980
608105
613008
622007
628552
635444
643457
648600
653691
658105
663456
672973
679372
685423
691167
701465
706572
712766
718257
723708
729210
745642
753584
764602
768925
773875
781929
806552
813935
818566
822097
829862
855202
862907
868448
875223
880507
885010
896285
900666
907699
913291
920145
926460
931693
940586
945859
955226
962681
968303
977047
983308
988204
994768
999598
1004032
1014723
1021178
1027312
1032914
1037176
1044243
1049850
1054163
1061597
1072178
1078289
1082326
1094060
1099592
1103927
1110667
1115876
1120058
1130500
1138879
1144077
1149691
1156695
1161077
1167452
1173483
1181695
1193031
1201645
1221008
1226036
1238135
1245209
1250625
1257321
1262242
1266646
1277137
1282589
1293674
1301648
1307621
1313446
1319626
1324459
1329525
1339031
1347385
1352982
1358678
1364190
1369244
1373265
1383412
1389416
1394270
1404080
1410378
1418066
1428436
1438763
1444944
1455273
1463335
1469167
1475278
1479378
1484923
1489539
1494931
1508320
1514167
1520494
1526530
1532587
1538710
1544439
1549045
1554156
1561649
1569846
1578495
1584380
1590103
1596361
1601792
1610429
1615813
1622048
1631456
1636600
1641573
1645836
1651072
1657395
1662826
1668697
1676550
1683474
1690058
1712614
