8201
20352
25233
36323
48216
68515
76308
98301
119092
128384
153111
166039
187475
199697
216235
233891
255933
267167
295534
324861
338840
352784
365734
377607
399189
412667
422462
430002
441626
453569
463256
468941
482732
502682
518531
529614
550525
568715
581345
596806
634070
646670
664129
677007
706521
721983
737038
754393
764297
786144
794090
805316
817937
826342
837377
853024
871678
882639
893932
909924
944440
967065
991966
1015706
1041477
1056474
1068412
1083197
1098907
1108039
1118036
1125960
1135132
1145206
1153945
1167604
1182153
1188576
1197500
1208548
1223069
1239507
1268804
1282677
1302876
1311843
1329577
1353043
1375489
1389105
1416031
1433396
1453371
1469817
