5115
14596
21040
31121
60184
77588
92531
121923
139282
158723
176136
187467
205404
224116
238266
278162
290159
300206
320957
353803
376216
390364
408376
440825
457252
492885
506092
540227
554665
586903
610386
635551
662162
672160
688139
707501
733728
754146
782313
797306
809798
823694
835306
861916
876509
899253
926538
951943
980889
994420
1020724
1030041
1039969
1057765
1079660
1097004
1112710
1146353
1164712
1189813
1210172
1227615
1238977
1263200
1281878
1290842
1302853
1315492
1334310
1342216
1359177
1381143
1407438
1422561
1434717
1458972
1487182
1514245
1542302
1563325
1580765
1596884
1630237
1646018
1668135
1692719
1711317
1727230
1747358
