2144
6134
10845
15356
19640
25130
30994
38380
43162
49678
54702
61423
66545
74883
82437
93038
101061
107082
115338
119918
125656
133383
139287
146510
154021
161484
173400
180150
187527
194671
202085
218820
226263
250622
258411
267496
276700
285575
292267
301902
312757
322621
329784
337213
382540
389545
396246
402812
406887
414571
419269
426503
432853
439905
451975
459016
481945
488620
494421
501652
508757
515358
520684
528059
534360
540937
546368
553191
559824
566721
571472
578605
584390
591766
600945
608658
616200
623599
631327
