3306
6788
11148
14240
18472
22219
29451
34848
42543
50386
56836
63517
69158
74178
79931
83611
90043
95518
104256
112699
119430
126844
128984
135446
143588
150722
156483
163878
169118
174709
180044
186707
190548
195841
199384
209828
214280
217400
221350
228161
233824
252033
257075
263207
268779
275950
283522
297750
305081
309761
319593
329733
337532
343104
348876
353969
366553
373059
378032
387417
396041
408077
417840
423743
432373
442969
447191
452085
459752
469714
480616
486969
497018
505341
511656
520571
528024
533937
539137
547671
554113
562005
569967
585835
593558
603049
611442
618764
627275
634127
642088
648940
661203
671355
676073
682476
689509
