7888
20758
34642
53526
66965
82673
92806
104332
118990
138912
152701
174851
194033
206518
213558
218853
228803
251274
267599
285516
315991
324582
358858
372613
384673
395090
419663
456275
481798
500406
522445
540978
568474
593744
609215
633334
649493
693257
757080
774006
804154
818440
836291
878804
907578
919461
945129
962834
985424
1005374
1029892
1054507
1069545
1113803
1157027
1167204
1182610
1220661
1237350
1257093
1266049
1275923
1285778
1302764
1320679
1336571
1351895
1362330
1370331
1401051
1419731
1455426
1471631
1508568
1539412
1564878
1575093
1593402
1600643
1617163
1631541
1647411
1666478
1676524
1686867
1729072
1755633
1789533
1813049
1854005
1866832
1874763
1888780
1905212
1924588
1946443
1969927
1982193
1993066
2004791
2023537
2050825
2061617
2081928
2090868
2111326
2123228
2130761
2139914
2148210
2156086
2166201
2171021
2184014
2190128
2202935
2223471
2237719
2244000
2250275
2254897
2261468
2265341
2284606
2296069
2303373
2323327
2347052
2370078
2395298
2408297
2438488
2449460
2470622
2493113
2503776
2522926
2556764
2586389
2598117
2607602
2636059
2660612
2699709
2714285
2734221
2768955
2783560
2805678
2821620
2863216
2873911
2889768
2903525
2917294
2962639
2995017
3069245
3103732
3114085
3159540
3180929
3200468
3226501
3245652
3266872
3276205
3296710
3312488
3347263
3357005
3380929
3405883
3422386
3428696
3444084
3470000
3480372
3493627
3529067
3545862
3554307
3562612
3567792
3578948
3597668
3606940
3641059
3666747
3692952
3707808
3714003
3722358
3735094
3748279
3772557
3781378
3792534
3803739
3810066
3821190
3833385
3840969
3863270
3873396
3888071
3899005
