2820
10682
17069
28271
39014
50831
71799
78363
88435
99078
111711
119892
126499
137337
144393
160778
168919
186121
204148
220614
229165
255019
265818
284629
302779
321054
335615
343419
355784
365668
379844
406363
420487
431899
439829
447068
463940
481896
503048
510439
536211
548863
560107
577289
582942
591810
617379
632038
647551
658815
680575
705079
715068
728861
740697
749192
767071
775745
784761
799865
806866
812700
828837
843091
856775
882230
903398
930188
960707
972613
989703
996169
1006692
1016027
1024918
1035393
1071708
1089809
1103914
1115524
1143513
1161097
1171468
1191006
1202336
1211914
1221017
1238688
1256698
1265069
1284779
1293547
1301941
1312418
1323258
1328363
1343727
1351331
1358232
1373020
1413966
1434342
1446515
1451560
1458489
1469312
1475693
1490913
1504002
1529726
1553472
1577273
