6978
15583
20506
26751
33897
39231
45874
53878
61941
68086
73328
79830
84252
89803
98616
108448
116656
121489
127250
139502
145633
157104
172341
177393
184337
192999
201233
209278
221774
229403
233714
238964
244605
253449
257300
261823
265785
269308
272370
281294
284996
289835
298297
303912
312595
317776
321667
330988
338718
343638
347749
351669
358809
364550
371052
376743
384849
388662
393972
399306
404698
409699
413731
418499
423530
438217
446903
451235
456986
460208
463790
470315
474558
477729
485352
489782
493503
497526
501757
507887
511901
516791
521375
524475
528585
540564
544364
550576
563708
568269
572223
575973
579263
582424
587358
591008
597670
603213
608567
613825
