2645
9707
23479
26189
31130
43813
51860
59892
66394
73384
82986
87826
93821
102792
114583
128313
142882
167739
187274
218239
227624
250252
279490
285082
295852
301153
315815
325247
346779
375456
383486
409311
420787
429178
438109
446690
456822
470354
475777
488549
502655
509956
524696
532187
542790
563293
573710
582161
593893
616807
640729
655440
666422
675093
684983
699606
714247
736063
751677
760339
768320
776723
789055
802046
808867
818144
825085
829456
834026
841377
848568
860389
865389
872160
884845
890266
902857
923269
931650
947158
955551
963763
996822
1003672
1010783
1012843
1030924
1041955
1052937
1056117
1065811
1069943
1072533
1082044
1095525
1106228
1122109
1127439
1139840
1148786
1154296
1163307
1178000
1182560
1191023
1206526
1216859
1225340
1229910
1244051
1270179
