2580
11769
17910
26785
37638
45971
56794
67362
77355
86355
97240
104679
110700
128425
142079
148750
159160
177031
183081
202445
226711
237265
266374
290246
302510
331249
363131
381482
395203
412797
438937
458795
467946
492647
503823
519539
535202
544249
560815
570509
584384
601728
608450
614431
625491
633446
642712
654441
673623
694040
704494
714790
722373
728757
753521
767042
773716
792334
808472
825002
846074
912703
938129
950814
964080
973005
981811
997014
1013106
1030387
1047482
1064827
1073635
1083651
1118543
1137001
1166709
1173443
1182215
1204993
1221843
1235979
1248805
1279431
1297216
1349603
1363630
1393889
1403840
1426909
1452291
1479419
1490632
1515444
1529520
1539675
1561764
1577476
1589702
1598975
1607262
1628590
1687190
1696277
1706234
1725250
1742369
1758864
1778424
1815984
1840163
1859099
1875728
1918777
1940436
1950466
1961197
1970544
1988961
1996904
2017383
2030468
2039799
2054884
2071224
2093297
2114135
2123922
2136558
2148821
2160955
2166447
2180615
2199263
2210617
2220718
2243416
2257580
2264046
2278103
2298962
2311617
2332405
2374684
2405332
2439975
2454734
2460797
2480688
2494200
2524579
2543575
2550289
2559441
2571625
2585460
2597775
2608918
2632060
2656592
2667419
2680742
2688008
2695991
2755344
2786330
2797203
2821539
2836601
2850257
2869658
2889186
2902485
2925688
2961508
2973809
2987405
3061748
3101923
3111233
3125856
3138683
3155760
3167574
3200983
3244337
3264528
3326635
3346834
3373991
3385658
3414000
3419572
3433769
3453239
3466896
3533214
3559827
3592600
3603188
3630815
3643592
3652366
3677229
3696408
3709425
3721612
3735236
3756199
3771225
3788162
3808115
3830718
3877812
3912667
3938535
3960636
4021120
4037387
4063637
4089082
4128546
4153596
4170053
4182664
4196757
4210302
4216234
4257522
4297214
4323476
4366900
4401389
4463790
4489814
4540792
4566361
4604412
4612225
4624210
4647077
4654268
4660731
4684949
4692270
4707880
4749796
4784702
4815173
4870453
4887427
4915796
4926049
4971997
4992740
5033822
5057266
5085349
5119905
5182034
5224700
5246872
5268278
5282564
5325387
5357790
5401470
5433350
5448799
5463115
5478161
5503525
5529915
5561612
5580636
5621932
5631318
5651236
5661958
5676246
5691543
5708143
5833224
5867369
5892960
5919496
5969871
