7163
9290
12703
15875
19995
23558
32002
40402
45121
49145
53876
59348
66716
72862
100943
107874
114075
123812
139250
156118
166220
182338
187501
200330
226831
235605
240498
271605
282996
292900
300501
307064
316087
337822
344284
353325
356525
362806
370155
373604
378604
387055
392586
397396
415349
422890
428575
434708
440028
445310
455780
464432
473183
481094
484575
491913
497104
502564
507176
511697
520327
526509
536530
545873
552253
558294
566018
570098
578499
583211
592177
606883
615566
620656
627521
636605
644505
653839
662473
667364
675665
679396
687385
697706
704127
709849
715351
722261
733751
739571
745531
764539
770626
776131
780701
786641
793426
798327
802207
809959
834810
844232
850963
865659
874059
882996
900420
908203
913374
930255
945249
956863
961054
969379
976535
992423
1000405
1015096
1022947
