2858
10623
14083
19266
29390
37654
46299
54213
60829
65019
69803
73384
78824
85486
91277
97999
103959
108880
115425
121786
128926
137707
147271
151066
158756
162076
166817
172200
179390
185891
189943
195434
200446
206239
211689
218630
225343
228714
233064
237946
243336
253189
259559
265381
273523
278811
281542
284912
287653
309306
315667
326817
333609
338309
344831
349281
352622
358123
362093
366883
369774
378757
393310
405871
410123
416533
420654
428875
435037
438418
442748
447909
451519
455110
461206
466248
471768
477179
481369
485719
489760
494944
504407
512361
518329
526001
535395
539677
546818
554378
558578
562389
568190
576500
581161
586152
590284
598295
605005
608806
612126
615257
622911
633009
640581
643281
647261
650495
653380
660520
663528
667929
672202
677173
680593
684553
691764
695724
702945
707466
710789
716899
720779
723090
727541
730781
733714
740775
744958
749541
753581
756232
760323
763986
766687
771697
779168
782828
785539
794962
800353
802864
807535
810765
813745
820465
824305
827296
831387
836087
839147
841839
846060
850290
858891
865794
873238
876320
884843
890395
893606
897636
900596
903586
910319
913730
922172
929843
934473
938543
942094
946005
949337
957188
963650
969180
973860
978859
982889
986369
994740
999911
1004041
1012963
1018685
1024557
1034248
1044295
1048633
1058853
1067728
1074308
1078400
1080380
1084360
1087540
1091660
1101471
1105191
1110271
1114452
1118872
1123212
1126903
1130423
1133554
1138845
1142582
1148794
1152264
1155564
1159524
1162684
1169085
1172765
1177466
1184917
1187777
1190677
1194267
1198950
1203741
1207571
1211441
1215892
1220744
1225017
1243742
