2535
7832
10062
12392
15362
21184
28245
33308
39956
44687
50587
60008
62029
64539
68440
73282
80572
84886
88447
95227
99537
107060
112829
118150
123181
125421
127731
134062
139293
142774
152047
158288
162618
168059
172430
179752
186973
191674
196255
201787
205049
209420
212620
216082
219232
223883
228063
233694
238104
243735
250746
257786
262498
270918
275289
280850
285050
290850
293831
299534
304184
309514
314115
318195
323025
327365
333064
338245
342435
350036
353316
357328
361449
366150
370389
375149
378860
382682
386032
389902
393501
396287
399418
403538
408228
412820
417852
421742
425782
428892
431463
436053
439023
442814
445904
448818
452138
456999
461899
466520
469281
472361
493525
498965
503052
509995
515787
519128
522762
525847
529009
532352
538874
550854
555526
560147
564007
567698
571189
574839
578409
582409
586169
589980
593730
599020
606074
610194
614234
618254
621634
626297
632416
636936
640126
643657
647277
652850
656351
659792
662932
666422
670042
674233
678348
683074
687874
691974
695307
700218
707040
711711
716695
720285
723267
726229
730372
738094
747066
750136
753256
755697
758731
761501
766352
771223
774303
776723
781206
784666
787806
792787
796187
800308
803420
806501
809032
814991
817841
820871
826261
828831
833751
