2731
8034
16468
41474
56098
77329
109271
138536
167303
190519
207495
212846
216620
222913
227014
242699
259722
268878
283180
290977
308622
342347
364109
398938
412391
419862
430866
439918
446389
466260
472187
480701
492333
500598
508799
517992
530186
540293
570564
577871
585965
603011
627860
640053
648506
662097
674512
693603
701735
720319
728303
743572
759600
775709
786904
807396
818690
825859
834437
844819
858315
867600
874492
885139
895132
907088
913509
930751
950318
967862
975272
1013866
1022815
1043124
1057951
1078857
