7092
46566
64579
95928
119308
140346
189384
219576
234589
256331
270904
351122
436504
459622
473979
502077
518630
546099
576209
624572
648949
664708
687407
773105
829386
901945
914956
927260
937724
964940
977362
995066
1022716
1049020
1099652
1126940
1164549
1182630
1205085
1221850
1235366
1250103
1267350
1331615
1346255
1356919
1400407
1430042
1449668
1463272
1471834
1493729
1506329
1514513
1534462
1545335
1573379
1605462
1633795
1665464
1703084
1716620
1738829
1756616
1780952
1800750
1824398
1830770
1835761
1861010
1867771
1878062
1896800
1917080
1937604
1972105
1995421
2044017
2082892
2104196
2115362
2143430
2157171
2185004
2205816
2229864
2247780
2263805
2280841
2308810
2329879
2396537
2418083
2441117
2457766
2464931
2477105
2494511
2514876
2526960
2537162
2553330
2593354
2617851
2641386
2659512
2670136
2678898
2710276
2718427
2730371
2752307
2769920
2789177
2807144
2818447
2863720
2893124
2917318
2929382
2954081
2961944
2973299
2988418
3024374
3057789
3076477
3082565
3101363
3133740
3169631
3196770
3215787
3236352
3246169
3267448
3279520
3288433
3298079
3315170
3322390
3339436
3367779
3381541
3400659
3405759
3429878
3436039
3446046
3459059
3470883
3493905
3515337
3525738
3537531
3549176
3556939
3565002
3574496
3591820
3631072
3650556
3678889
3689611
3704386
3745985
