7122
10833
13734
20637
27539
36179
41649
48641
55813
67485
75895
93396
102667
120396
126966
136044
143677
154448
161088
174794
190885
198775
213258
241324
257477
266538
277409
282679
290551
302973
313226
321866
351252
365115
370078
381101
389831
397713
407343
414735
422196
428246
435078
442209
447871
458093
468375
476325
486438
495018
500499
511893
518469
528370
536001
543103
548984
554966
564227
572999
581549
591628
598222
612804
620790
628781
635972
643505
649218
654329
659562
675506
681958
689079
693920
697780
702522
711415
718716
722807
731421
736732
742506
748667
757157
768051
776672
784633
791233
797126
