2715
3865
5495
7445
9636
12916
16608
22148
25451
30428
33928
39462
42653
48325
55057
64381
69622
72522
77075
79645
82855
87785
91327
96848
101801
107142
109655
114635
119598
125815
130926
134546
140370
159775
165199
174580
181604
188740
194042
202088
207049
213083
217375
221797
225857
230177
234138
239318
241199
246310
249021
254293
258944
264094
273319
277953
287420
292431
296802
301923
306764
311951
315181
320723
325063
330033
332824
337985
343419
348111
351181
356092
359630
364872
372154
377176
383079
388682
393926
