2637
4937
7337
9538
11892
14507
19218
22752
26482
30426
32697
35768
38819
41373
44479
47001
50802
54252
59892
64783
69643
73824
75756
79449
84113
88604
92884
96748
100058
103058
106548
111328
114048
117499
119941
125395
128545
130495
132746
135876
140579
144525
146976
149657
152540
156671
160613
169646
173414
176879
181995
189968
194078
197098
199828
202490
205180
209094
212239
216796
222040
228440
234251
238012
242913
249938
251878
254269
259451
265381
271696
275737
281377
287209
291431
294621
298821
302111
304913
308816
312577
317278
321779
325261
331213
336913
341865
346725
350965
361772
366758
370661
379286
381616
384065
387785
392124
