3797
13359
24424
51183
72947
99367
114041
136205
150843
164110
176673
188632
204740
226260
239834
251334
270633
288187
308373
331569
351142
364167
374137
396114
440597
464929
486068
499300
524885
556524
601817
625229
639365
652713
680200
695926
730615
762375
785573
799681
833409
849857
871262
881456
895250
908445
922099
938714
950879
966106
979197
989588
1008241
1018292
1037431
1051460
1062037
1069427
1079391
1093361
1119639
1140214
1150528
1162772
1177077
1192370
1210127
1228816
1244548
1276991
1299917
1327846
1350394
1361461
1394102
1404330
1413363
1426256
1435967
1453026
1473122
1493566
1502972
1526771
1540225
1554430
1568902
1576137
1590759
1600102
1614667
1634582
1654597
1669733
1697144
1718971
1729811
1743023
1762015
1791325
1816779
1838243
1858799
1873883
1886445
1901479
1914854
1936836
1955491
1977967
1990219
2024346
2047141
2068424
2090056
2102998
2116261
2140677
2171894
2178426
2223420
2241643
2266088
2280341
2298594
2309638
2326800
2345672
2363264
2377900
