4584
15642
25404
41420
57487
74862
106482
115757
131467
144713
161207
173064
182057
196432
207069
228652
238638
258975
280600
300577
311301
347748
360700
382531
404909
427814
445659
455349
470926
482412
501589
539917
562864
580644
591989
602535
634025
663273
692888
703997
753873
774514
792253
824615
835110
846948
876339
891420
906258
916734
939470
967308
979594
998514
1013104
1021441
1040594
1048522
1058665
1076739
1084516
1091719
1109012
1129619
1146911
1174363
1199874
1229104
1257181
1273282
1289543
1295556
1306568
1317486
1326930
1341001
1379057
1402685
1420855
1435587
1469564
1492023
1505683
1526281
1539386
1550492
1562830
1580534
1605305
1615090
1638877
1649338
1659008
1671789
1686218
1693705
1715134
1727519
1736741
1752873
1795181
1818946
1834174
1841186
1849937
1861210
1868722
1883224
1899952
1932682
1955536
1980138
