4812
16040
37470
45816
54959
65352
73783
88139
99283
112321
127625
149015
167143
180672
211336
222612
229287
236929
247343
253567
263571
273036
288571
302103
313973
332779
356780
382311
407943
418678
442247
460649
476171
502042
513100
546179
576245
590702
611050
624308
637284
656363
664198
682332
699124
713656
721724
731779
749862
766937
776132
791129
802091
814375
827083
835728
851145
860110
870963
891151
904649
935686
954104
972994
989396
1007813
1027751
1045864
1058906
1087181
1110029
1135216
1161458
1176627
1188583
1217338
1246599
1266855
1285278
1306690
1339789
1368585
1376465
1387154
1401956
1412091
1439604
1449797
1463346
1492386
1514324
1535342
1571365
1596473
1617284
1633105
1651426
1673811
1683440
1694619
1706025
1726873
1740883
1761070
1773060
1786573
1815966
1830164
1847342
1854934
1873521
1887832
1919361
1931616
1947136
1970424
1993196
2000311
2018484
2040343
2052717
2062687
2073694
2086950
2106111
2129017
2142814
2157457
2167050
