4928
17377
40885
53649
66567
160143
173955
185739
198858
214686
225327
252922
265916
277561
296835
324340
337236
363193
404154
421525
427366
431916
446600
470858
480576
510136
532699
548041
573987
586128
609321
632268
643460
657961
685408
705087
741697
765811
780202
793034
838426
857903
869106
874810
887973
908289
933409
950253
963598
975002
986328
998727
1031699
1052559
1076364
1093829
1109076
1120400
1140527
1152034
1170127
1186099
1203150
1221025
1233230
1257639
1270889
1289740
1297575
1308079
1325553
1344282
1380615
1413761
1423591
1438481
1448775
1462622
1511914
