5514
18248
23310
35326
48436
60438
68972
90993
107559
116793
143546
156757
179245
192639
208552
227379
249045
260220
286182
316205
328610
343892
359828
372914
390368
404273
413456
421561
434104
445593
456956
463550
477294
491375
508825
521609
545718
564417
576712
592597
634395
647550
666640
678346
711028
724421
738394
753610
763717
782939
793220
805627
821050
828501
839695
857403
875931
885667
895069
910646
941147
965163
984587
1005091
1027092
1040368
1051740
1065896
1080619
1088772
1098203
1106055
1115049
1125071
1134138
1146932
1161247
1167548
1175792
1182052
1192918
1207356
1225486
1238561
1254648
1263281
1279624
1296443
1316207
1328470
1341513
1357096
1372212
1386181
