4381
11902
16622
26145
48648
62829
74671
100390
118175
137077
155202
166328
184034
203399
217138
257582
269758
279301
298848
330948
350444
362617
376468
404906
420173
446651
458237
488976
502453
533624
553690
577817
602800
611920
628176
646784
669295
688166
717527
731193
743499
754850
766734
785333
798554
822712
846161
871443
902108
916362
940337
947868
957001
975042
991486
1007343
1021980
1047616
1066413
1089809
1109034
1127265
1138167
1161789
1177071
1185458
1196566
1208922
1224692
1232664
1247000
1267423
1290504
1306027
1318376
1341004
1373015
1403107
1433431
1455195
1472015
1490889
1524354
1540591
1562870
1585508
1603201
1620838
1639860
