5361
21875
33863
40984
77268
114675
155291
174794
185536
210645
230789
240066
256010
285651
301300
315289
330117
351461
369619
411736
439409
455514
479479
498766
517494
535163
554529
571754
595640
614615
637162
655739
679644
709752
724666
787049
811271
861521
882996
899089
919861
928252
933267
950883
962261
976395
984164
993068
1007410
1040540
1114949
1156302
1181819
1263019
1273508
1316996
1334843
1350589
1365131
1393434
1414874
1423334
1435427
1450505
1457754
1467238
1480108
1494409
1504565
1523252
1532750
1548159
1571716
1592488
