5059
10363
13094
16125
19797
27152
35519
41172
50081
55466
63297
75694
79507
83957
89319
96274
105939
110947
115659
124854
131485
139118
147235
153982
159834
163639
167459
174683
181727
186748
197149
205364
211436
217899
223323
233381
242617
249770
256468
262682
267554
273136
277657
281667
285948
292371
297606
304548
309820
314916
321893
329295
334638
342965
347356
352579
357202
363139
366265
372451
377094
382088
388020
393402
400007
405534
412708
419149
424504
432219
437151
442704
447806
453865
458619
465010
471033
476580
480620
485912
490293
494506
498676
503708
508801
514822
520226
525302
529805
533415
537236
544871
548751
553455
558152
562277
567029
573345
580119
586012
589941
594030
619124
625021
630478
638144
643156
646956
651169
654861
658702
663627
669952
683580
689091
695614
700933
706039
710835
715041
719341
724037
728636
733298
738340
744935
753165
759317
763921
768346
773080
778041
782843
787647
793308
798051
803304
809779
815481
820025
824529
829643
834574
841169
847302
853594
860409
867242
872713
879177
887239
894921
900301
905066
909216
912497
917139
924176
937037
942368
947221
951705
957020
961561
970026
977060
981907
986169
993068
998762
1003624
1010655
1015918
1022289
1026410
1031413
1035915
1043659
1048001
1051863
1058683
1062895
1068146
