5895
42146
62770
90532
110594
129084
178643
205644
220019
236269
251832
333455
426015
446279
462032
489778
507357
531981
558479
604477
628288
640915
661165
735099
787850
861721
877471
891583
900408
927270
940845
956532
986718
1010907
1063467
1088280
1122505
1142743
1166180
1182704
1197891
1213890
1228076
1288106
1302795
1315919
1358853
1393405
1413591
1428277
1438778
1461163
1473026
1483354
1505600
1518351
1543226
1571660
1601664
1635224
1673847
1689096
1712221
1729470
1757270
1777596
1806269
1815084
1821657
1846844
1854781
1867093
1885469
1906218
1928781
1965654
1992714
2048964
2092527
2117774
2132340
2160714
2177463
2208611
2220238
2243924
2261486
2280191
2302142
2335505
2368264
2410943
2481443
2505434
2552117
2592244
2602693
2637269
2651768
2662267
2690781
2713906
2791842
2816778
2841842
2863154
2873717
2888155
2907466
2931216
2944717
2958150
2975215
3015025
3043019
3065142
3085631
3100953
3112142
3145387
3154384
3164334
3190198
3212334
3230459
3250502
3262264
3317823
3353386
3380813
3393737
3423812
3433170
3447620
3464119
3508003
3544440
3564378
3572254
3592316
3629500
3671734
3693485
3716422
3739234
3750669
3771559
3784296
3799218
3814433
3840845
3852980
3872357
3915732
3938104
3966715
3974603
4009841
4019426
4034464
4051473
4070473
4107851
4152725
4170271
4190498
4209422
4222424
4235689
4249999
4277842
4341058
4367811
4403310
4419934
4442056
4503744
