4826
7376
10641
14164
17588
22279
27253
33977
38299
45137
49968
56898
61789
69000
76682
84226
91858
97932
105115
109578
114600
122181
127604
134709
141840
149521
153543
159914
167285
175990
183055
188470
195822
216408
223150
234304
240999
250009
256836
267657
275536
284747
291262
297813
303456
310308
316235
322813
327078
333653
337735
344440
350313
356937
368519
375113
387508
394086
399871
406432
412045
418299
422581
429281
434388
440835
445255
452398
459233
465967
470278
477193
482798
489474
497923
504320
511914
518192
524756
