5317
17723
31081
50005
62846
78399
87583
97414
108907
123591
135463
154596
169267
180257
186952
191764
200874
218580
232532
249656
275518
282439
314249
327030
338581
346444
368848
402422
424847
440400
458644
474506
499853
526648
540265
559502
572687
613605
658595
673156
698469
711445
728251
773335
800607
812041
834718
848364
866486
885264
906916
929502
941575
981778
1018444
1028292
1044098
1082280
1100219
1120008
1131146
1141399
1151490
1168175
1184347
1197914
1213378
1224733
1232034
1264384
1283186
1317864
1334021
1369152
1397702
1421773
1432846
1447901
1455534
1470515
1484020
1501075
1518372
1527748
1538026
1576616
1603247
1625336
1648087
1686031
1698334
1705538
1719301
1734284
1754190
1779446
1800405
1812389
1822862
1832916
1852711
1878191
1888834
1907379
1916890
1937209
1949082
1955927
1963738
1971739
1979714
1988687
1993187
2005410
2011262
2025096
2039394
2051149
2057020
2062543
2067788
2075340
2079494
2098380
2110963
2119795
2141393
2165458
2184451
2205454
2218243
2245637
2256582
2274956
2299193
2312747
2328020
2362235
2390155
2403289
2413150
2440811
2469903
2520410
2537124
2561458
2598154
2615194
2638719
2657987
2702784
2713929
2731014
2746362
2762616
2810842
2848196
2907656
2945816
2957431
3012168
3035710
3054159
3086040
3107404
3128796
3139752
3162797
3181802
3225051
3237263
3262014
3292733
3314362
3322544
3339884
3374921
3388546
3401270
3432370
3450178
3460268
3470710
3476012
3488710
3512262
3523361
3565055
3593212
3626936
3643583
3651013
3660911
3676354
3693163
3721528
3731599
3744298
3756704
3764215
3778337
3791412
3799164
3824695
3834066
3850503
3863258
