5550
29007
50167
59959
76153
89772
103127
132761
141744
157120
177807
210675
236653
256640
265196
280091
309638
335768
343211
370861
386126
395679
409809
423278
451306
470426
497091
514019
532519
556556
576388
598089
618624
635151
660964
677664
707585
730364
748986
768202
782006
828178
868391
891835
914929
931409
946720
967974
1008907
1030608
1047304
1058579
1080361
1099569
1123488
1135894
1148876
1161344
1181590
1192664
1228337
1242834
1258340
1280931
1290700
1325039
1360211
1380748
1391996
1407088
1438019
1452062
1508627
1525533
1549540
1575444
