5991
15118
35054
45243
55808
127682
139808
154245
163621
176310
184936
206499
216748
225748
240123
261687
272500
292002
326501
341146
346113
350303
361454
382429
391431
417430
434245
445718
464784
474285
494284
513911
524471
537676
556675
571362
597678
615488
629551
638366
670302
685554
693866
697289
708073
723949
745275
757886
767761
774013
781513
790326
811328
826202
844080
859890
871642
882765
897017
905017
918391
929894
943268
956944
967707
987569
996769
1010707
1016333
1024022
1036395
1049021
1081525
1105899
1112712
1124024
1131648
1144151
1187589
