6771
10111
13628
16681
20794
25044
35235
41735
52421
64860
74921
88234
101798
111762
125111
139887
147011
151896
167586
179837
190000
196272
203649
217773
223401
228888
235162
240814
260191
267752
280251
289629
296252
309005
320252
328844
343754
352628
362691
370567
387881
395630
401006
408131
413447
422193
431444
455532
461946
470007
476945
485446
496759
505947
514706
520983
527833
533422
538020
543034
554295
559584
567460
573961
580020
593521
603300
613885
621888
632147
642148
652587
659150
665148
671649
677899
686588
696024
703620
713150
723465
736341
745214
755419
