3453
10393
12590
14948
18012
24009
31758
36260
43449
47510
53760
63326
66515
70010
74261
79075
86538
90750
95448
102014
106511
112263
118418
124037
128564
131492
136377
142755
148443
152317
160504
167191
171878
177631
181943
190130
197444
202942
207880
212318
215758
220206
223192
226007
229631
233821
239693
244446
248284
251842
257845
264347
268409
275721
279719
284910
289846
294783
297004
301710
306022
311084
316772
321560
326959
331397
337960
343271
347958
355711
359072
363460
368211
373876
381273
386524
391148
395210
398336
402150
405460
408838
411712
415525
419956
424671
429170
432771
435648
437772
440483
445232
447798
451296
454171
457608
461171
466234
471299
475765
478578
481765
501203
506015
510453
516705
521953
525004
528703
531768
534768
538329
543330
555518
559955
564766
568706
572332
576020
579581
583520
586932
590832
594767
598309
603146
608959
612520
615816
619003
621877
625440
629692
633314
637063
640442
643506
648005
652525
655821
659619
663186
667051
671888
676638
682450
687450
692488
696332
701332
707831
712000
716385
719460
722000
724379
727915
732978
743543
747400
751568
754400
757500
760700
766113
771646
775114
778000
782859
786732
790547
797158
801390
807554
810807
814450
818213
825487
829257
833329
839894
843305
849732
