6411
36789
51789
75622
91884
108259
150000
170121
181673
199109
213310
285377
356568
372779
389421
411560
424740
449007
472900
506431
523510
533515
555331
623492
667238
720695
732614
743129
750830
771002
782247
798449
821755
840150
883858
905628
934905
948591
965771
977889
989679
1001629
1016744
1065372
1076230
1085917
1122448
1148292
1162707
1174000
1182161
1199578
1209102
1216352
1233133
1244293
1265193
1286225
1306312
1334394
1358257
1369642
1385526
1400000
1428036
1444491
1465000
1470696
1475551
1498005
1504911
1513538
1527694
1546987
1563582
1595884
1613987
1655313
1687897
1704299
1717809
1739604
1751954
1776180
1794800
1813198
1826144
1844384
1864345
1894329
1931801
1969180
2033577
2061000
2098104
2130139
2138638
2168910
2180903
2190244
2214416
2236689
2303785
2324789
2347817
2362985
2368941
2380045
2396016
2413873
2425620
2436166
2454067
2490301
2512896
2534418
2551216
2560394
2569171
2597664
2605918
2616618
2636246
2654100
2673712
2688589
2697707
2740319
2776128
2798299
2808357
2831036
2838613
2850272
2867178
2901168
2928781
2947000
2952652
2968118
2996225
3026921
3044151
3059775
3077469
3087477
3111486
3127289
3140027
3157364
3181024
3190624
3206970
3240623
3256107
3279567
3285182
3313026
3319345
3332969
3345536
3359338
3386522
3412592
3424176
3438572
3451922
3460025
3469778
3481246
3503367
3544146
3561650
3585000
3596234
3610195
3653312
