3318
13690
24290
54004
75496
99371
114932
137246
153308
166122
176287
189163
213973
233788
245849
256976
277039
294836
320914
345601
366163
376287
384350
407413
447349
467974
485912
499725
523164
552788
574602
596664
610000
624996
659094
677720
719656
751845
773094
787470
829469
844409
866281
877345
891120
906533
923533
942595
960220
974471
987971
1000845
1020281
1031156
1049095
1068907
1078971
1087656
1099281
1117657
1140674
1165299
1176110
1190048
1205299
1220111
1237423
1257737
1277799
1311680
1338556
1367432
1391181
1402605
1441999
1452256
1460571
1476382
1486570
1506070
1530070
1559818
1568508
1593195
1607694
1622318
1635946
1643818
1658318
1672447
1687381
1710695
1728947
1748819
1774508
1792931
1804430
1818244
1836182
1859116
1884306
1904306
1924554
1941054
1953306
1970805
1982369
2007307
2025293
2049430
2064870
2103055
2126430
2144370
2164869
2177741
2193618
2219055
2247807
2255743
2300245
2318245
2345117
2359742
2377370
2388431
2401742
2424056
2438743
2454000