6692
17254
28877
49440
69192
90381
133381
144444
162881
180257
201259
216570
228007
246947
260321
288634
298447
327196
353133
379761
394825
446325
464261
496140
527075
557452
581452
594765
613144
627514
653579
714579
742582
768583
782583
796830
838460
878084
914398
928336
990884
1017382
1046945
1084199
1096760
1112074
1147850
1168850
1188535
1202537
1232102
1269805
1285992
1309996
1331058
1342055
1367745
1379059
1391746
1415997
1427748
1436310
1464060
1495871
1520310
1558188
1591423
1632950
1682016
1705077
1734233
1743109
1759237
1775424
1787236
1805175
1853862
1884676
1908613
1928425
1993239
2029989
2049242
2075367
2093241
2109117
2127242
2154554
2192870
2207159
2240097
2253786
2267097
2284289
2302753
2311501
2338754
2353377
2366005
2385941
2452007
2485257
2505943
2515258
2527630
2543444
2554195
2574007
2597258
2638325
2666947
2701013
