4005
16566
42753
52629
61879
72818
80818
96570
107283
119909
135160
155395
175079
188017
219442
232002
238253
246255
256818
262943
273067
283129
299505
313006
325254
344694
370757
398632
425901
437959
462086
480235
496441
524313
534939
571439
598987
612052
631426
644964
656714
675278
681403
701215
717526
731717
739468
749090
766029
783030
791966
806281
817903
830029
841738
850592
865966
874716
885529
904780
917903
949501
968627
987187
1003625
1023376
1043894
1063394
1077034
1106349
1129849
1155225
1181287
1196100
1207914
1235976
1267976
1288102
1306414
1327727
1374917
1410481
1418419
1428106
1442983
1453041
1479480
1488980
1502358
1533294
1555859
1576547
1619608
1644983
1668548
1684362
1702172
1725484
1734611
1745736
1757237
1779738
1793897
1814232
1826106
1838919
1873235
1886984
1902983
1909608
1932422
1946382
1976196
1987821
2003242
2026890
2049325
2055889
2073202
2100140
2112517
2121951
2132767
2145828
2163952
2187141
2201143
2214891
2223204
