5353
16978
23416
30478
46791
61823
71637
85825
101138
114696
130324
144448
155073
164201
172512
182013
193263
209514
221640
234199
246393
270265
278141
296075
308583
320457
344648
357583
370496
382185
392185
404820
414448
424513
434010
454981
467607
480605
493921
505979
515793
526793
540980
558232
571856
587793
606420
618295
636357
656357
667234
679982
689985
700046
713796
725421
736422
741485
787797
802673
818677
834923
848676
859212
877463
892210
901398
912900
927088
940273
949277
961087
971215
1005414
1016980
1046044
1064669
1076044
1084353
1094295
1100733
1110172
1120106
1132296
1141607
1148480
1155231
1165612
1170861
1175045
1187108
1193047
1200857
1212544
1217919
1224608
1235923
1249733
1263986
