3819
14259
36820
71382
93171
105981
121168
138609
159295
169359
188421
199357
211296
223359
232421
246921
258609
276859
306045
325125
351436
378378
391625
404565
414940
426252
436753
446877
453379
466377
476003
489818
507926
516739
531428
542301
554116
570988
580551
590659
607909
618784
637284
646972
661411
676474
683285
695347
712600
727539
740125
747376
756000
773315
787594
801904
809529
823782
837030
854843
867738
880800
892926
906615
914850
928178
935676
947864
969552
977362
997238
1007988
1017423
1028795
1044731
1057052
1065429
1077993
