3943
11757
16007
23256
36443
48069
58362
68676
77487
82736
91237
96361
103799
112363
119600
130176
138886
145396
154823
162523
172024
183649
194962
199899
211272
216826
223587
231963
242588
251512
256952
264704
272139
280264
288827
299096
308220
312972
319345
326158
333845
348595
355033
365160
376846
384399
388335
394772
398285
425398
434913
449097
461097
467099
475000
480412
484972
491524
496300
503798
507788
519287
527036
542262
547138
554448
558635
567400
572760
577150
582872
590200
595199
600011
610009
616310
622800
630698
635511
640648
644710
650021
659335
666023
672833
679524
689600
693807
699629
705436
710550
715000
720638
728875
733400
737440
741876
748999
754200
761316
764900
768190
775500
784300
789687
794503
800750
805000
809001
819645
823581
830841
836330
843100
848656
853144
862331
867195
876960
884084
889385
898200
903643
907835
914083
918522
922100
932500
938900
944500
950100
953957
961583
967000
970832
978210
989208
995500
999000
1011720
1017032
1021657
1028283
1033032
1036659
1047718
1054034
1058000
1064000
1070222
1074000
1079533
1086000
1094625
1108001
1117436
1126687
1131374
1143375
1149000
1153500
1159500
1164100
1167865
1179254
1184315
1195876
1204891
1210688
1216189
1221700
1226376
1231129
1241500
1250814
1256315
1261400
1266803
1271630
1275600
1286400
1292400
1296800
1306816
1313400
1321942
1333000
1343815
1349816
1360883
1370000
1376192
1382757
1386000
1391882
1396693
1402006
1414255
1419500
1426100
1431806
1438505
1445319
1450100
1454632
1460381
1467443
1474569
1483568
1488444
1493000
1499100
1504382
1513100
1518000
1524126
1533566
1537762
1542236
1545924
1550614
1557449
1562641
1568116
1574000
1580745
1586431
1610681
