4431
8554
15619
30493
42868
69122
80871
111556
133932
148121
164343
180531
199220
214503
221751
236754
252442
265752
282440
289503
305629
334005
352255
360316
368695
392963
411837
426089
474003
501692
513817
527880
535320
548505
582321
607634
617133
643631
652821
665069
696633
707945
721632
749508
765572
776386
792800
831825
846637
859450
879675
892050
904132
915193
919942
933882
959693
972383
989009
1000634
1017196
1038070
1051948
1059383
1088887
1102324
1121938
1168810
1183187
1193497
1206061
1214313
1219688
1226624
1243688
1256014
1267890
1284139
1316830
1326391
1340255
1347959
1374554
1398632
1412944
1431791
