6770
39762
121137
220710
277087
360402
487405
517491
561933
577742
591807
641643
733232
793361
846127
898816
939189
994199
1048868
1091825
1120281
1137344
1167469
1195096
1218722
1233783
1250833
1281342
1302872
1322620
1332621
1360808
1427762
1471889
1487452
1505702
1529390
1544569
1563135
1579509
1603635
1682885
1718592
1739219
1802781
1847222
1878911
1901721
1974723
2019723
2032130
2068071
2102447
2125675
2184402
2200027
2213016
2251911
2266719
2299596
2334035
2353513
2369263
2386020
2450771
2467643
2501396
2532437
2571312
2600375
2630891
2656390
2697581
2727267
2738644
2768266
2784360
2823674
2844049
2857175
2878938
2900283
2939723
2966785
2983786
3004225
3016286
3037099
3053601
3111727
3135041
3162708
3181957
3217521
3249332
3318336
3342523
3377651
3390461
3402710
3421400
3450838
3461963
3496462
3525772
3551207
3620274
3658899
3689055
3708160
3782725
3798536
3824539
3840849
3873624
3897384
3943385
3976263
3990573
4018718
4030907
