6729
24461
44463
55837
67368
84121
128148
147754
164504
175944
190005
200442
228819
241193
266443
275820
286633
305507
313815
360189
380815
395193
412755
427194
440755
483504
498946
515510
531633
541307
563120
602120
621372
640565
669175
702740
719866
742741
773474
795318
812819
828007
848256
867446
904821
916821
942949
956573
975072
986635
1021947
1042888
1078762
1103950
1139326
1149103
1173728
1200478
1216792
1253166
1286545
1309581
1324641
1346017
1359893
1395522
1406092
1413402
1441155
1470579
1524781
1573935
1584622
1614372
1635248
1647938
1668374
1692500
1717689
1732564
1774815
1802378
1818690
1840491
1870986
1881176
1894239
1909614
1929490
1954301
1974802
2034115
2062779
2126263
2166830
2189079
2204204
2221265
2242141
2311238
2332492
2353506
2370867
2380802
2400869
2413055
2426303
2444806
2474650
2506008
2523837
2561088
2588135
2603761
2634154
2647518
2666269
2677460
2689644
2723710
2738086
2767147
2795647
2814087
2849400
2883462
2895839
2909027
2956840
2967466
3007965
3018544
3031861
3055108
3067108
3087548
3126235
3153548
3204487
3235114
3259391
3309705
3330383
3359943
3406258
3456316
3489379
3503507
3553255
3563756
3596258
3645447
3685195
3707195
3734324
3747198
3768261
3813948
3856324
3879612
3900704
3922643
3933580
3941642
3973144
3998636
