6121
18306
49084
81577
115240
144235
160018
177745
186954
206666
224853
246180
280154
302888
316197
360297
382421
397964
432547
454934
478941
507892
563907
601900
670009
685528
706706
743348
772175
786536
807714
840696
857213
869366
892278
931224
951955
973441
995448
1019276
1033661
1059121
1075745
1092331
1106400
1131812
1152706
1172324
1182345
1213243
1227439
1247179
1262963
1284475
1311718
1333468
1340381
1364638
1379004
1409596
1432376
1481324
1496930
1503800
1523519
1539548
1573436
1593990
1626075
1636916
1654493
1705040
1725854
1754013
1784005
1805753
1824047
1843711
1877441
1886935
1905690
1930102
1941086
1973420
1995743
2009826
2017813
2045249
2086601
2105529
2151049
2165394
2186127
2223490
2257723
2270586
2281102
2293227
2324327
2347144
2365372
2385932
2410388
2426210
2461516
2473821
2493944
2530379
2564136
2579704
