5928
16874
28156
47372
63439
81979
115786
128049
146073
163264
183248
198971
209986
226445
237877
262714
272960
300337
325187
352376
364989
411200
425911
454700
482233
511518
534342
547075
565506
580932
602467
658302
685561
710148
724496
737509
779180
815085
852882
865826
920914
946869
967981
1004895
1018900
1034538
1068490
1088456
1108727
1122690
1151033
1186889
1202619
1225411
1246036
1257528
1281030
1291113
1304057
1325926
1337169
1346200
1368433
1392739
1415455
1451078
1482187
1517698
1551461
1573245
1592650
1601022
1614664
1627498
1638929
1654290
1699805
1728134
1749325
1767398
1809800
1834834
1851315
1874917
1890649
1903340
1919264
1941245
1969417
1981697
2010689
2022680
2036500
2051645
2068390
2076876
2102838
2117149
2128790
2147453
2201300
2228347
2247000
2255409
2265410
2279600
2288871
2306476
2329187
2362070
2385681
2427818
