5022
27103
41000
51379
69600
93702
109089
141450
157372
175760
186673
201530
237794
256900
264628
290949
310395
325682
347150
361872
382342
396675
406583
440974
452652
468230
479102
494390
510682
525213
542415
561366
573637
600088
619289
634518
650366
664251
672404
694730
713255
725600
739725
750306
777900
793343
819376
842760
853901
869362
874539
907699
921153
943542
960841
981050
996085
1021079
1042521
1074300
1110062
1128612
1148557
1164111
1189491
1202245
1218169
1244580
1262389
1288766
1312418
1334830
1347561
1365931
1378567
1391249
1407553
1421760
1437737
1453472
1469938
1481750
1497993
1512781
1524750
1540728
1557227
1568091
1590517
1608490
1619424
1634477
1649930
1678568
1700112
1718870
1735039
1772055
1797378
1822814
1844934
1873809
1898724
1911255
1930074
1945809
1960734
1982184
1994053
2002528
2025707
2045944
