5633
17714
36030
39730
46294
65749
78604
89586
97100
107577
123489
131896
142881
156400
178150
203300
224136
260300
292085
346700
362350
400703
444200
452783
476511
484857
509848
526806
555896
595711
606307
648944
666728
679572
693659
708343
724730
742710
751911
770869
788992
797641
818030
829861
840183
865684
879798
890664
905637
934000
966272
983342
997944
1011183
1025994
1047852
1072873
1107105
1126388
1137187
1149858
1160948
1174489
1196170
1208051
1222952
1234577
1240887
1247029
1260618
1272129
1288480
1296600
1305191
1324194
1332592
1346213
1377176
1390061
1409274
1422831
1435095
1474961
1486195
1496658
1499230
1527979
1542692
1558577
1562177
1576343
1582435
1585727
1599853
1618588
1631646
1656832
1666305
1683850
1695758
1703316
1716313
1739964
1747305
1759090
1776103
1790159
1801573
1807956
1824578
1857108
