6298
21501
47527
61721
75966
169476
185340
199235
212736
231377
242726
271378
285634
299891
321396
347649
362353
391371
436650
455063
461876
467298
483430
509207
520167
551813
572751
588086
614082
625784
650086
673870
686153
701577
729717
748544
783580
808328
822354
834915
878787
898732
909829
915348
930867
950483
976089
993932
1008229
1020148
1031192
1042554
1073899
1093042
1116377
1131139
1145863
1157999
1177961
1189904
1209330
1224853
1240725
1259446
1270541
1296037
1310701
1332609
1340571
1351273
1370977
1388965
1424448
1458424
1467866
1484683
1495377
1509250
1559399
