5340
15011
33221
58141
80370
92079
104575
121245
140555
150431
170900
181013
193550
205773
215500
231750
245694
265100
291474
311902
341845
368900
382834
396823
408400
420853
433400
444800
452400
466578
477400
492532
511826
521450
536419
547813
559900
577869
588924
598550
617444
628700
648500
658179
675300
691527
698904
712571
731747
747806
760000
767700
777500
796800
811741
827610
835873
851195
865136
883876
897500
911150
924198
937900
945250
958800
967264
979415
1002100
1010400
1031835
1043300
1052832
1065100
1081400
1093556
1102171
1115942
