5035
16066
21023
31974
42671
53896
61182
81090
96425
106398
131265
144103
165683
178236
194185
210509
235409
246701
275194
300900
313611
329044
343993
356112
373090
386105
394229
402794
414913
426272
436703
443003
457576
471554
488964
502431
528561
547370
560904
577185
619452
632625
652784
668506
701944
716436
732750
752902
763998
782785
792231
804753
819571
828094
840158
857929
882557
894268
905516
922656
959906
988127
1014402
1040305
1068582
1086160
1099934
1115935
1132213
1141489
1152468
1161499
1172558
1183883
1193215
1207122
1221591
1228867
1239461
1249061
1262424
1281758
1301691
1317142
1336242
1347700
1365620
1387861
1412847
1428429
1443960
1461388
1481429
1495910
