4700
8550
12372
17966
23386
28639
41000
48818
60643
73277
83877
98478
113393
123683
141096
158723
167552
174297
192295
205996
216892
224893
233672
252200
259595
267100
275450
281819
300174
309945
322550
333100
340640
352200
364100
373000
386668
396791
406680
414800
432000
440550
447411
456200
462910
473188
485428
509225
517700
528100
538857
548500
561500
573039
584070
593100
601700
609150
615200
620450
634764
642710
654100
661500
668200
684045
698100
710506
721000
734200
743550
758100
766000
774400
784000
793100
804515
817650
828700
842228
856100
872107
887079
896425
