4657
15600
30319
50867
65285
84760
94801
106812
120280
138077
151991
174153
191634
204790
212780
219402
230857
252100
268906
287457
314157
324200
362934
379092
392212
401777
428110
470218
499821
520708
543399
563777
594662
623075
639767
663076
680239
732414
788963
805730
834174
850733
870500
917217
950475
965218
993231
1010473
1032501
1055171
1083214
1109665
1125203
1184646
1223900
1236478
1255341
1296614
1318580
1340781
1352964
1365475
1377982
1397696
1417114
1434931
1454066
1466941
1475968
1513574
1536645
1578075
1595192
1637380
1670802
1697371
1710340
1728035
1736138
1752521
1767448
1785073
1805888
1816768
1828603
1871475
1903757
1929967
1956642
2004796
2019400
2028095
2044421
2062860
2085696
2111091
2135916
2150836
2163508
2175440
2199102
2228644
2242688
2264557
2275025
2299543
2314383
2321934
2331056
2341100
2350900
2362109
2368103
2383510
2390899
2407992
2427171
2442000
2449510
2456920
2462425
2470787
2475312
2500998
2515343
2525529
2552778
2581153
2604124
2630817
2645387
2677854
2691047
2712388
2742001
2757520
2774495
2813388
2846900
2861619
2872774
2904830
2936039
2989051
3008663
3035711
3082290
3102170
3125796
3145027
3188748
3200437
3217358
3233665
3251342
3302126
3337988
3398322
3434097
3445500
3498859
3520830
3537630
3562990
3584493
3606591
3617480
3640322
3658399
3700056
3712068
3737110
3767936
3791001
3798532
3814249
3847532
3860274
3872898
3906345
3926976
3938435
3948303
3955336
3969996
3994434
4005656
4051465
4083560
4119000
4139321
4147400
4158937
4175302
4192225
4223260
4233485
4247975
4261690
4269577
4285036
4299693
4308425
4337714
4348438
4364540
4377870
