4000
18926
36420
80044
110156
141515
163920
193421
216935
235718
250747
269630
296623
327323
343740
359721
387872
414219
440096
472448
498234
514229
528341
561773
620017
647260
671639
687585
725934
754935
789572
826430
847244
863516
904239
927249
981190
1022055
1055111
1075985
1121104
1143768
1178768
1192903
1213985
1232380
1250759
1274469
1292100
1313610
1337293
1354756
1391350
1409138
1435348
1460767
1477148
1489977
1507588
1536317
1572133
1603768
1621695
1644149
1669400
1693000
1720580
1751613
1777130
1830910
1873801
1916536
1950310
1970850
2025630
2042908
2057406
2076425
2091957
2114751
2144572
2176905
2192307
2226250
2249552
2272802
2294139
2305590
2329510
2346349
2366220
2393510
2417800
2440371
2473802
2500190
2515767
2536220
2560995
2596313
2629213
2658096
2679367
2699465
2717656
2740807
2755358
2795083
2821745
2848795
2867049
2918018
2945586
2969121
2998274
3018004
3038320
3068439
3105338
3116000
3170075
3193269
3225812
3247912
3276851
3291600
3307848
3334547
3352986
3369695
